12.8962497710002 37.577079772
12.9156532280001 37.6378402720001
12.8909530630001 37.6417274490001
12.9185600290001 37.6903953550001
12.965015411 37.7303695680001
13.012836457 37.7437553400001
13.0474224100001 37.713119507
13.0812492380001 37.6950721740001
13.1269540790001 37.701801301
13.1447238920001 37.6900901800001
13.1885004040001 37.6927528380001
13.214557647 37.6754035950001
13.2131586070001 37.6415596010001
13.254673004 37.6192626960001
13.2765131000002 37.6483345040001
13.3223352420001 37.6509323130001
13.3346328740001 37.6098403920001
13.3214235300001 37.589210511
13.3595457080001 37.5431365970001
13.3998031620001 37.5575675980001
13.3819007880001 37.6006469740001
13.3919096000002 37.6177177440001
13.3847351070002 37.6544837940001
13.4270591740001 37.6443290710001
13.5090827930001 37.6601295460001
13.5177373890001 37.6428451540002
13.5644159310002 37.63658142
13.6019287110001 37.6570854190001
13.6561079030001 37.6593208310001
13.6728401190001 37.689888001
13.6962432860001 37.6959991450001
13.7332506180001 37.6840553280002
13.7631454460002 37.680534363
13.8011741630001 37.6892738340001
13.8242216100001 37.6761856090001
13.8113393790001 37.6429138190001
13.766344071 37.5982971190001
13.6685523980001 37.575641632
13.6907367700002 37.556728363
13.691084862 37.5019073490001
13.6578483590001 37.4729194640001
13.7024078370001 37.443782806
13.750457764 37.428985595
13.776064873 37.4416046140001
13.8272695530001 37.4335212700001
13.8629078500002 37.4044122040002
13.896266936 37.40461731
13.9091234210002 37.3883705140001
13.8823518740001 37.3609695430001
13.9277763380002 37.3317375180002
13.9622402200001 37.3314590450001
13.9951429370001 37.296268463
14.0287540010001 37.2760240000001
13.9920148850001 37.2215919490002
13.9839820860001 37.1927337650001
14.0375928890001 37.143463136
14.0370826720001 37.1070823680001
13.9768090000001 37.1090280000001
13.9034710000001 37.0948600000001
13.8584720000001 37.111526
13.8234710700002 37.1445846560001
13.750417709 37.149028779
13.658748626 37.206249238
13.6387491220001 37.2301406870002
13.58263874 37.2595825190001
13.5520830160002 37.2870826730002
13.447360993 37.293193817
13.405139923 37.3312492380001
13.3220815650001 37.3634719850002
13.294859887 37.3890266420001
13.2729177470001 37.3887519850002
13.2606954570002 37.4159736630001
13.2143077850002 37.4618110660001
13.1731920240001 37.4895820620001
13.131250381 37.4923629770001
13.0776395810001 37.5054206840001
13.039029122 37.4951400750001
13.0143051150001 37.5093040460002
12.987360953 37.5423622130001
12.9476375590001 37.5709724430002
12.8962497710002 37.577079772
14.606406213 40.8486175540001
14.5779857640002 40.8815917970002
14.586166382 40.9349594120001
14.5727987280001 41.0105133050002
14.5959405900002 41.0578804020001
14.6392517090001 41.045688629
14.66300583 41.0566368110001
14.7268104550002 41.0489311230001
14.737175941 41.018215179
14.770676613 41.012012483
14.7774038310001 41.0418243400001
14.8301486790001 41.0360530700001
14.8697528830001 41.0586891180002
14.9758682250001 41.0944976810001
15.0117139830001 41.1190834050001
14.996166229 41.151428223
14.9676351550002 41.1520385750001
14.9628334050001 41.1763381960001
15.000146866 41.2009620670001
14.9818353650001 41.2622566220001
15.009923934 41.2719383250001
15.0518198020001 41.2592124940001
15.0675878530001 41.2688941950001
15.1237726210001 41.2575340280001
15.1500167840001 41.2814292900001
15.201869964 41.2872619630002
15.251250267 41.2714347840001
15.276506423 41.2505149840002
15.2465047830001 41.2352523810001
15.258231162 41.198379516
15.2102060320001 41.1686744690001
15.2680463790001 41.1076316840002
15.298721314 41.09395218
15.3152027140001 41.1048698420001
15.3683023450001 41.0858612060001
15.397229195 41.107791901
15.4469566350001 41.079006195
15.5437097540001 41.056842804
15.572869301 40.9998626710002
15.5674505240001 40.9697685240002
15.5485420230002 40.953880311
15.5275897990001 40.9085731510001
15.4684886940001 40.8905906680002
15.465751649 40.871116638
15.4165973660002 40.882190705
15.384810448 40.8773155210002
15.3791675560001 40.8417396540002
15.3358268730001 40.8358612060001
15.296395303 40.8391418450001
15.2815055850001 40.8005294800001
15.2402811060001 40.7755012510001
15.2479256660002 40.7186739400001
15.167805672 40.708911895
15.1404323570001 40.757873534
15.0295610420001 40.7826118460002
14.9463367470001 40.7889976500001
14.9192848210002 40.802188873
14.8351383210001 40.794521332
14.8137588490001 40.805507661
14.745252609 40.8046760550001
14.7350807200001 40.8405151370002
14.6870689400001 40.8423728940002
14.6676502230002 40.8234634400002
14.606406213 40.8486175540001
14.6944742200001 40.9761276240002
14.7165021890001 41.0080184930002
14.6866979600001 41.009029388
14.6944742200001 40.9761276240002
17.3544060950001 40.7495689690001
17.3054330740002 40.7444459810001
17.2837910000001 40.7681690000001
17.3002510070002 40.800880432
17.2435684210001 40.8008575440001
17.2487297050001 40.7669448850002
17.2013549800001 40.7623977660001
17.1606826790001 40.7447357180001
17.150299073 40.7117385870001
17.0881767270001 40.7139892580001
17.0593624120001 40.7224235530001
17.022338867 40.714908601
16.9715080270001 40.7422943120001
16.9267406470001 40.7378082290001
16.912757874 40.7080726630002
16.8574905400001 40.7246780390001
16.8008842470001 40.6959915170002
16.787738801 40.7336578370001
16.725735 40.7148250000001
16.633630752 40.7545547490001
16.57683 40.7645300000001
16.5376800000001 40.7538830000001
16.4968970000001 40.7592740000001
16.4804990000001 40.7377890000002
16.4313299510001 40.7057459870001
16.4009742730001 40.7083930980002
16.381214142 40.7373886120001
16.3477096560002 40.7529792800001
16.3170528400001 40.7840957650001
16.2880096440001 40.7990722650001
16.244836806 40.8390235900001
16.224630356 40.8875694270001
16.203292847 40.9185142520001
16.2527160650001 40.9631614690002
16.2672538760002 41.006328584
16.254867554 41.015766144
16.2749271390001 41.049552917
16.3524894710002 41.135738373
16.338586807 41.1524353030001
16.4013309470001 41.189460755
16.4301166530001 41.1911811840002
16.4664249420002 41.1574096690001
16.504671107 41.1523132270001
16.5125942270001 41.1849403030001
16.5426845550001 41.2295837410002
16.5834710000001 41.2076380000001
16.719863891 41.17124939
16.7801399230002 41.1595840460001
16.7937507630001 41.147914886
16.9281940450001 41.1118049620001
16.961803435 41.0970840450001
17.0554140000001 41.077915
17.1559720000002 41.0326390000001
17.1765250000001 41.0290260000001
17.2062470000001 41.0009730000001
17.2809720000001 40.9709740000001
17.3368050000001 40.9273610000002
17.3487490000002 40.9073600000001
17.3893030000001 40.8929940000001
17.3403820000001 40.8664509990001
17.2960700990001 40.8181686400001
17.3284680430002 40.8126029680001
17.3661804190002 40.7878074650001
17.3993890000001 40.7866550000001
17.3952808380002 40.7512283330001
17.3544060950001 40.7495689690001
16.203292847 40.9185142520001
16.163799286 40.9295616150001
16.1221256260002 40.900222779
16.0944671620002 40.9212493900001
15.977461815 40.9594383240001
16.0093936910001 40.9732437140002
16.032817841 40.9993667600001
16.0388278950001 41.0398635860001
16.0080833440001 41.0600891110001
15.9542198180001 41.1117897040001
15.9218053820001 41.112133027
15.871091843 41.1409034730002
15.927578927 41.182968139
15.9924488070001 41.1963806150001
16.021499633 41.2217521660001
16.029516221 41.2516784660002
15.9842424400001 41.3056640630001
15.9827671060001 41.3617630000002
16.035165786 41.3759613050001
15.9742956160001 41.4149513240001
15.9510335910002 41.4426841740002
16.0256233210002 41.4256935130001
16.103473664 41.3987503050001
16.1590271 41.3729171750002
16.2151393890002 41.3562507640001
16.2720832830001 41.3248596200002
16.3445816050001 41.309581757
16.420139313 41.2826385490001
16.452362061 41.2604179380001
16.5318031310002 41.2390289310001
16.5426845550001 41.2295837410002
16.5125942270001 41.1849403030001
16.504671107 41.1523132270001
16.4664249420002 41.1574096690001
16.4301166530001 41.1911811840002
16.4013309470001 41.189460755
16.338586807 41.1524353030001
16.3524894710002 41.135738373
16.2749271390001 41.049552917
16.254867554 41.015766144
16.2672538760002 41.006328584
16.2527160650001 40.9631614690002
16.203292847 40.9185142520001
14.5727987280001 41.0105133050002
14.532034873 41.0143432620001
14.5080671320001 41.0566864010002
14.4748754500001 41.0435295100002
14.4210577000001 41.053474426
14.4378557200002 41.097240449
14.3980226510001 41.1224098210001
14.4281177510001 41.1370315560002
14.4369039530001 41.1557350150001
14.4675588610002 41.1717262270001
14.4292993540001 41.224525451
14.423304558 41.2521591190001
14.4545440670001 41.2947349560002
14.489974022 41.3016357420001
14.4570140850001 41.3727645880001
14.5048600380002 41.3851125950001
14.5523958200001 41.3803710940001
14.5671978 41.3931159980002
14.603911401 41.3649482740001
14.672312736 41.4076232910001
14.7181472790001 41.4018173220001
14.7655687340001 41.4183540340001
14.7910499580001 41.4535408030001
14.8565168380002 41.425682067
14.885286331 41.4457664490002
14.9526252740002 41.459045411
15.0084896090001 41.4873657230001
15.0333118450001 41.4536705010001
15.0766048430001 41.4339065550002
15.0996456150001 41.4347534180002
15.0824003220001 41.388706207
15.0593137730001 41.3731117240002
15.0730533600001 41.3334388730001
15.1297750470001 41.310783386
15.1500167840001 41.2814292900001
15.1237726210001 41.2575340280001
15.0675878530001 41.2688941950001
15.0518198020001 41.2592124940001
15.009923934 41.2719383250001
14.9818353650001 41.2622566220001
15.000146866 41.2009620670001
14.9628334050001 41.1763381960001
14.9676351550002 41.1520385750001
14.996166229 41.151428223
15.0117139830001 41.1190834050001
14.9758682250001 41.0944976810001
14.8697528830001 41.0586891180002
14.8301486790001 41.0360530700001
14.7774038310001 41.0418243400001
14.770676613 41.012012483
14.737175941 41.018215179
14.7268104550002 41.0489311230001
14.66300583 41.0566368110001
14.6392517090001 41.045688629
14.5959405900002 41.0578804020001
14.5727987280001 41.0105133050002
14.6944742200001 40.9761276240002
14.6866979600001 41.009029388
14.7165021890001 41.0080184930002
14.6944742200001 40.9761276240002
18.0968055730001 40.5156936660002
18.069887197 40.4614067320001
18.0422209990001 40.4899290000002
18.0183658600001 40.4635658260001
17.9943008420001 40.4686737050002
17.954093933 40.4585990910001
17.9364166270001 40.4293441770002
17.8871612540001 40.4236564630001
17.8233280180001 40.4044036860001
17.799119949 40.3806343070001
17.769014358 40.3968734750001
17.7341995240001 40.3924865720001
17.6941680910001 40.4128303530002
17.6834278100002 40.4417419430001
17.6260471340001 40.4634971620001
17.5845851900001 40.4611892700001
17.5728034980001 40.443237305
17.533594131 40.448043823
17.5118350990002 40.4798431410001
17.4877891550001 40.4831428530001
17.449100494 40.5559196480001
17.474191665 40.6115608210002
17.427806854 40.6346054080001
17.4186344140001 40.6824836740001
17.3864192970001 40.723003388
17.3506374360001 40.7338752750001
17.3544060950001 40.7495689690001
17.3952808380002 40.7512283330001
17.3993890000001 40.7866550000001
17.3661804190002 40.7878074650001
17.3284680430002 40.8126029680001
17.2960700990001 40.8181686400001
17.3403820000001 40.8664509990001
17.3893030000001 40.8929940000001
17.4131946570001 40.8715286250001
17.4570827480001 40.849861145
17.4704151160001 40.8334732070002
17.556251526 40.7987518320001
17.6884727490001 40.7656936650002
17.743751526 40.7348594660001
17.841528 40.690418
17.8915270000002 40.6823620000001
17.938749 40.6856960000001
17.9734730000001 40.6443060000001
17.9940260000001 40.6479150000002
18.045416 40.5968060000002
18.034861 40.5681950000001
18.0968055730001 40.5156936660002
14.4447946550001 37.0540695190001
14.4140043270002 37.0312004100001
14.338444709 37.0012512220001
14.297919273 37.035140992
14.2423601140001 37.066249848
14.1576404570002 37.0956993100001
14.070693017 37.1104164120001
14.0370826720001 37.1070823680001
14.0375928890001 37.143463136
13.9839820860001 37.1927337650001
13.9920148850001 37.2215919490002
14.0287540010001 37.2760240000001
13.9951429370001 37.296268463
13.9622402200001 37.3314590450001
13.9277763380002 37.3317375180002
13.8823518740001 37.3609695430001
13.9091234210002 37.3883705140001
13.896266936 37.40461731
13.8629078500002 37.4044122040002
13.8272695530001 37.4335212700001
13.776064873 37.4416046140001
13.750457764 37.428985595
13.7024078370001 37.443782806
13.6578483590001 37.4729194640001
13.691084862 37.5019073490001
13.6907367700002 37.556728363
13.6685523980001 37.575641632
13.766344071 37.5982971190001
13.8113393790001 37.6429138190001
13.8242216100001 37.6761856090001
13.8011741630001 37.6892738340001
13.7631454460002 37.680534363
13.7332506180001 37.6840553280002
13.749959001 37.7047730000002
13.80256575 37.7437516170001
13.81459 37.7057500000002
13.8641740000001 37.6907879990001
13.9051685330002 37.6585845940002
13.8999986640001 37.6192626960001
13.9572553640002 37.5867118840001
14.0281057360002 37.603477479
14.020583152 37.6199798580001
14.0427560000002 37.645721
14.0787706950001 37.6453248760001
14.1357288370002 37.6178245540001
14.165102959 37.6133308410002
14.1600313190001 37.5868415840002
14.1399059300002 37.5827484130002
14.1407756810001 37.5534553530001
14.127320291 37.5190696710001
14.142787933 37.4784355170001
14.0712499610001 37.4232635500001
14.0671091070001 37.4045028680002
14.0847275290002 37.363559388
14.084169389 37.340454102
14.1275911330001 37.3399505630002
14.1669030010001 37.3250850010002
14.231751 37.3487130000001
14.2679940000002 37.3334050010002
14.3175190000002 37.3279500000002
14.3165250000001 37.304131
14.3533410450001 37.3072619930002
14.3530410000001 37.2801440000001
14.3814151300002 37.2849882850001
14.3759790260002 37.2069661030001
14.402864455 37.178512573
14.4328765870001 37.1840591430001
14.4758796690001 37.138034821
14.4526433950001 37.0974235530002
14.4289455420002 37.092792511
14.4447946550001 37.0540695190001
14.0413100000001 37.6620940000001
14.0187170000002 37.6585390000001
14.012842 37.6908910000001
14.0442480000002 37.7270160000001
14.089911 37.7086790000001
14.07852 37.6889800000001
14.0413100000001 37.6620940000001
14.5048600380002 41.3851125950001
14.4561777110001 41.4288215640002
14.383359909 41.4442482000001
14.3908281330001 41.5060424800001
14.428967476 41.5257225050001
14.494296074 41.5733528140001
14.5105962760001 41.6099205030002
14.4808683400001 41.6325035090001
14.4250040050001 41.6448707580001
14.434535979 41.6725616460001
14.5216436380001 41.6998901370001
14.514609336 41.7323493950001
14.4862003330002 41.7606239320001
14.5714969640001 41.822135925
14.59951973 41.8544349680002
14.6151227960002 41.8901634220002
14.664641379 41.9172668450001
14.6695137030002 41.9476051340001
14.7280370000001 42.0042230000001
14.766695022 42.0190582280001
14.7625860000001 42.0426560000002
14.7796590000001 42.070137
14.8504180900001 42.0362510680001
14.8976392750001 42.0218048090001
14.9995822920002 42.0054168710002
15.084860803 41.9393043530001
15.137508392 41.9262504580001
15.139669419 41.8802490230001
15.10453415 41.8477096560001
15.115994454 41.7905311590002
15.0982322690001 41.766906739
15.122014046 41.7212104800001
15.1016820000001 41.6728100010002
15.0491733560002 41.6564941410001
15.0235662460001 41.6228294380001
14.9608459470001 41.6470108040001
14.9349689490001 41.6204223630001
14.951174736 41.5936393750001
14.9391880040002 41.5517120360001
14.941324234 41.524593354
14.9672584520002 41.519985199
15.0084896090001 41.4873657230001
14.9526252740002 41.459045411
14.885286331 41.4457664490002
14.8565168380002 41.425682067
14.7910499580001 41.4535408030001
14.7655687340001 41.4183540340001
14.7181472790001 41.4018173220001
14.672312736 41.4076232910001
14.603911401 41.3649482740001
14.5671978 41.3931159980002
14.5523958200001 41.3803710940001
14.5048600380002 41.3851125950001
14.032361 40.8996770000001
14.0073610000001 40.9423600000001
13.97736 40.97736
13.9215280000001 41.0248600000002
13.8959732050001 41.0904159550001
13.811805726 41.1870841990001
13.7629165650001 41.2226371780002
13.7746362690001 41.2436561580001
13.819704056 41.246795655
13.8284587860002 41.2784500130001
13.883223533 41.2919349670001
13.8956241610001 41.3115272530001
13.8745613090001 41.3366165160002
13.8716459280002 41.3656730650001
13.8867044460002 41.3864479060002
13.8639001850001 41.4109306340001
13.8760337830001 41.427406311
13.9117431640001 41.4296798700001
13.978795051 41.4634704580002
14.0066614140001 41.453826904
14.0432691570001 41.3937721250002
14.0843467720001 41.4011383050002
14.108372688 41.4174232480001
14.0792531960001 41.4480705260002
14.1261548990001 41.5083541860002
14.1681852330001 41.495407105
14.2425069810001 41.4976501470002
14.2784357070001 41.486839295
14.3280410760001 41.4544258120002
14.383359909 41.4442482000001
14.4561777110001 41.4288215640002
14.5048600380002 41.3851125950001
14.4570140850001 41.3727645880001
14.489974022 41.3016357420001
14.4545440670001 41.2947349560002
14.423304558 41.2521591190001
14.4292993540001 41.224525451
14.4675588610002 41.1717262270001
14.4369039530001 41.1557350150001
14.4281177510001 41.1370315560002
14.3980226510001 41.1224098210001
14.4378557200002 41.097240449
14.4210577000001 41.053474426
14.4748754500001 41.0435295100002
14.5080671320001 41.0566864010002
14.532034873 41.0143432620001
14.521676063 40.9881401070002
14.4779272080002 40.9824562080001
14.4056968680002 40.9870872500002
14.408485413 41.0024719240001
14.3275127420001 41.0011444090002
14.2984895710001 41.0057449340001
14.285353661 40.9612998970002
14.2152214050001 40.9502868660001
14.1576318740001 40.9524955740001
14.1411514290001 40.9801406870001
14.113088609 40.9799842840001
14.0935115810001 40.9610061650002
14.0482501980002 40.9602203360001
14.0188770290001 40.9489097590001
14.032361 40.8996770000001
14.794541359 37.1331787110001
14.7937364580001 37.110603333
14.7661933900001 37.1003913880002
14.7256832120001 37.1031455990001
14.7032365800002 37.1188278210001
14.6109857550001 37.087501526
14.5640554430001 37.0524520880001
14.5209436410001 37.0728416440001
14.4756231320001 37.0529136650002
14.4447946550001 37.0540695190001
14.4289455420002 37.092792511
14.4526433950001 37.0974235530002
14.4758796690001 37.138034821
14.4328765870001 37.1840591430001
14.402864455 37.178512573
14.3759790260002 37.2069661030001
14.3814151300002 37.2849882850001
14.3530410000001 37.2801440000001
14.3533410450001 37.3072619930002
14.433206559 37.2936248770002
14.4560520000001 37.3110350000002
14.4997780000001 37.309509
14.5222230000001 37.3254010000001
14.4945678720002 37.3476753250002
14.5431346900001 37.3650360110001
14.5705852520001 37.3615264890001
14.590799332 37.3751945490002
14.5818586350001 37.403533935
14.6158981330001 37.4128417960001
14.625267029 37.4351997390002
14.5887260440001 37.451229095
14.5539550780001 37.4466133110002
14.5253362660001 37.4639434810001
14.5239520000001 37.5177270000001
14.5448980330001 37.5439949040001
14.5804367060001 37.548713685
14.5979108820001 37.536933899
14.681936265 37.559001923
14.745073318 37.5274543770001
14.7646312720001 37.5054855350002
14.7872381210001 37.504806518
14.8001136770001 37.5338325510001
14.807394981 37.5808753970001
14.8262901310001 37.5880813600001
14.822297097 37.6385841370001
14.7931041710001 37.6538772580001
14.798809051 37.7116699220001
14.753065051 37.6877250320001
14.7250939150001 37.6824721500001
14.7155460000001 37.7055889990001
14.7289310010001 37.7446100000001
14.7168617240001 37.7683296210001
14.7451705930001 37.7907371520002
14.7429456710001 37.8192443850001
14.8032026290001 37.8174781800001
14.7895450600001 37.854011536
14.7609863290001 37.869602204
14.7632122030001 37.934558868
14.8020420080001 37.9543533330001
14.857435073 37.9279139440002
14.927582 37.9613610000001
14.94190199 37.951896806
14.9563541410001 37.912479401
15.0029087070001 37.8989372260001
15.0500240330001 37.895961762
15.1115350730001 37.9072761550001
15.1506462100001 37.8969345100001
15.2102317800001 37.8612251290002
15.2587280280001 37.8083343510002
15.2045790000001 37.7407000000001
15.2190265650002 37.7084732060001
15.1995811460001 37.6548614500002
15.1748590480001 37.6326408380002
15.1765279760002 37.5754165640001
15.1451390000001 37.544861
15.1159734730002 37.5306930540002
15.084304809 37.482639314
15.091526985 37.406528473
15.0904169080001 37.3596763620001
15.0332345960001 37.372413636
14.9822292330001 37.3752441420002
14.9227676400001 37.4135398860001
14.8934135440002 37.411388398
14.8784408580001 37.3907051090001
14.8436250690001 37.3800468440002
14.839263917 37.358894348
14.7791156760001 37.3309822080002
14.8052835470001 37.3166618340002
14.8440637590002 37.3256607060001
14.8914537430001 37.3127517710002
14.8835258480001 37.2873954780002
14.8565759660001 37.2807884210002
14.8473434450001 37.2605857840001
14.8119287490002 37.2577400210001
14.774155616 37.2232398990001
14.8213605880001 37.2087287910001
14.828053474 37.1970481870002
14.8716306690001 37.1903152460001
14.835297584 37.1638336180001
14.8374309540002 37.1256256100001
14.794541359 37.1331787110001
16.5823590000001 38.4706190000002
16.5380099990002 38.4673500010002
16.4809534200001 38.4931719300001
16.4206310000001 38.555008
16.429515838 38.5843162530001
16.371192932 38.6104278570001
16.3773822790001 38.6220512390001
16.3299617770002 38.6414146430001
16.3463535310001 38.6584053050001
16.3383178710002 38.6879882810001
16.3507976540001 38.7356872560001
16.3709774020002 38.74307251
16.3451347360001 38.7951202390001
16.2970142360001 38.822338104
16.248092651 38.8104820260001
16.215417862 38.8114738470001
16.2229175560001 38.855140686
16.221252441 38.9115295410002
16.1990280150001 38.9326705940001
16.1554164880001 38.9523620620001
16.1301383970001 39.0006942740002
16.1020812990002 39.0259704590002
16.095138549 39.0498008730002
16.1567192070001 39.0618515020001
16.251199722 39.100402832
16.3463268270001 39.112121583
16.3830204010001 39.1059150700001
16.4252070000001 39.0627780000002
16.4443400690001 39.069957858
16.4819107050001 39.0600814820002
16.4799251550002 39.123313905
16.523185729 39.1634407050001
16.5367774960001 39.1455726630002
16.6138229370001 39.1952514660001
16.6293811800002 39.1637191780002
16.6668281550001 39.1570739750001
16.6758117680001 39.1337814330001
16.6589546210001 39.1199493400001
16.6801128380002 39.0932655340001
16.6997280120001 39.0911064160002
16.7346096040002 39.0599594110001
16.7768135070001 39.0649948120001
16.84656906 39.039947511
16.895288468 38.9987487800001
16.8920269010001 38.975147247
16.9210510250001 38.953128815
16.8914413450001 38.928195954
16.8018035900002 38.9054183970001
16.748195648 38.8840293900002
16.604583741 38.8129158020001
16.5709743510001 38.7726402280001
16.5704174050002 38.7540283210001
16.5376396190001 38.7223625190001
16.5354175570001 38.7040290830001
16.5587501530001 38.679027558
16.5556945800001 38.6537513740001
16.5726394640001 38.5681953430001
16.5823590000001 38.4706190000002
14.4862003330002 41.7606239320001
14.4647645960002 41.7777786260001
14.4465770710001 41.8387947080002
14.3775539390002 41.8809089660001
14.3431167600002 41.8709526070001
14.3253746040002 41.8966255180002
14.2856531150001 41.9097709660002
14.2306060780002 41.8780632030001
14.184127808 41.9044914240001
14.1358022680001 41.8905639660001
14.1071462630001 41.894332886
14.0827159880001 41.9403915410002
14.098787309 41.9461669920001
14.0824165340001 42.019275665
14.1049356470002 42.048954011
14.0861177450001 42.0877037040001
14.1158113490001 42.1081581120002
14.1103849420001 42.1380805970002
14.130065917 42.159744262
14.096972466 42.1868896490001
14.1181726450001 42.2230148320001
14.107510567 42.258235932
14.1122198110001 42.2923545840001
14.0765619270001 42.3260612490001
14.1128015530001 42.3329925530001
14.1370182030001 42.3904762270001
14.158024 42.41835
14.22482485 42.4283290710002
14.2539129250001 42.4451370230001
14.3079166410001 42.4115295410002
14.410139084 42.3601379400001
14.44430542 42.310695648
14.5029153830001 42.272083282
14.509860039 42.2512512200001
14.628194809 42.1965293890001
14.717362405 42.1731948850002
14.7179145810001 42.1056938170001
14.740139007 42.0856933600001
14.7796590000001 42.070137
14.7625860000001 42.0426560000002
14.766695022 42.0190582280001
14.7280370000001 42.0042230000001
14.6695137030002 41.9476051340001
14.664641379 41.9172668450001
14.6151227960002 41.8901634220002
14.59951973 41.8544349680002
14.5714969640001 41.822135925
14.4862003330002 41.7606239320001
16.095138549 39.0498008730002
16.0665283210002 39.13597107
16.0568046570002 39.2715263370001
16.0354175580001 39.3520851130002
15.9954166410002 39.4437484750001
15.962916 39.4743039990001
15.9237489700001 39.5276374810002
15.8743057260001 39.553195954
15.8309720000001 39.669861
15.814305 39.6776390000002
15.8079166420001 39.7379150400001
15.785972594 39.8170814520001
15.768750192 39.8370819090002
15.789860726 39.8509712220002
15.779859543 39.894306183
15.7559728630001 39.9242134100001
15.7720120000001 39.9566080000002
15.820881845 40.0028762830001
15.845169068 40.0052947990001
15.898836135 39.9826889050002
15.9288482670001 40.0020751960002
15.9800186170002 39.9834060680001
16.031328201 39.994445801
16.007692336 39.957939148
16.023445129 39.924648285
16.0543117530001 39.899147035
16.0838584900001 39.8976211560001
16.1594276440001 39.9210701000002
16.215513065 39.8969841370001
16.2176380010001 39.9289699990001
16.2692508700002 39.936965942
16.3171672830001 39.9297904960002
16.3440475470001 39.9034385690002
16.3604830320001 39.9206085770001
16.3386211400001 39.937179565
16.399236679 40.0199661260001
16.3993910000001 40.056652
16.415054 40.0816840000002
16.4097630000001 40.1219560000002
16.4527988430001 40.1357994090001
16.5308303830001 40.1190910340001
16.5862350460002 40.1340217590001
16.645368577 40.1195831300001
16.6090278620001 40.084583282
16.5995845790001 40.0365295400001
16.6190280910002 39.9756927490002
16.6301383980001 39.9662513740001
16.6009731290001 39.9265289310001
16.5626392360001 39.8959732060001
16.4937496180001 39.812915802
16.4915275580001 39.7504158030002
16.5281944270002 39.724861145
16.5295810000001 39.6609730000001
16.6137504580001 39.62236023
16.7815284730001 39.6145820630001
16.8170833590001 39.5887489320001
16.8384723660001 39.5559730540001
16.8679142000001 39.5379180910001
16.9754142760001 39.4912490840002
17.024026871 39.4828376770001
16.9580097200001 39.4380378730001
16.957363129 39.3982315070001
16.9194183340001 39.411926269
16.9154281620001 39.3841705330001
16.8358497630001 39.3467483520001
16.7650470730001 39.362609863
16.7301445 39.3512420660001
16.70710373 39.3239021300002
16.761844635 39.2929000860001
16.7475738520001 39.2463340770001
16.7789211280001 39.1969413750002
16.7481079090001 39.1907615660002
16.6811046590001 39.2067871090002
16.6138229370001 39.1952514660001
16.5367774960001 39.1455726630002
16.523185729 39.1634407050001
16.4799251550002 39.123313905
16.4819107050001 39.0600814820002
16.4443400690001 39.069957858
16.4252070000001 39.0627780000002
16.3830204010001 39.1059150700001
16.3463268270001 39.112121583
16.251199722 39.100402832
16.1567192070001 39.0618515020001
16.095138549 39.0498008730002
16.6138229370001 39.1952514660001
16.6811046590001 39.2067871090002
16.7481079090001 39.1907615660002
16.7789211280001 39.1969413750002
16.7475738520001 39.2463340770001
16.761844635 39.2929000860001
16.70710373 39.3239021300002
16.7301445 39.3512420660001
16.7650470730001 39.362609863
16.8358497630001 39.3467483520001
16.9154281620001 39.3841705330001
16.9194183340001 39.411926269
16.957363129 39.3982315070001
16.9580097200001 39.4380378730001
17.024026871 39.4828376770001
17.0487518320001 39.4418067940001
17.1184711460001 39.4054183970001
17.1551399220001 39.3987503040001
17.1379184730001 39.3781929010001
17.1112499230001 39.3173599250001
17.1043052680001 39.267082214
17.1093044290001 39.2465286260001
17.1473617550002 39.2062492370001
17.115972519 39.143196107
17.1109714500001 39.0959739690001
17.1351394650002 39.0576400750001
17.1729164130002 39.0334739680001
17.1598606110001 38.9793052670001
17.169582367 38.9526405350001
17.1015281680001 38.9054183970001
17.0429153440001 38.919303895
17.021528244 38.9054183970001
16.998750686 38.9287490850001
16.9590282450001 38.9395828250001
16.8914413450001 38.928195954
16.9210510250001 38.953128815
16.8920269010001 38.975147247
16.895288468 38.9987487800001
16.84656906 39.039947511
16.7768135070001 39.0649948120001
16.7346096040002 39.0599594110001
16.6997280120001 39.0911064160002
16.6801128380002 39.0932655340001
16.6589546210001 39.1199493400001
16.6758117680001 39.1337814330001
16.6668281550001 39.1570739750001
16.6293811800002 39.1637191780002
16.6138229370001 39.1952514660001
14.1357288370002 37.6178245540001
14.164166004 37.6382900300002
14.1623630530001 37.6706962590002
14.2172009570001 37.678833497
14.2692499160001 37.7056655880001
14.2946376810001 37.7440338130001
14.291687013 37.765350342
14.269192696 37.7770919800002
14.2630367280001 37.8219985960002
14.2806539530002 37.8412094120001
14.3274192820001 37.8387565620001
14.3910160070001 37.8536911010001
14.4069671620001 37.867481232
14.4934949870001 37.825885773
14.5051193240001 37.8512496950001
14.5587272640001 37.8792495740001
14.5740098950001 37.8626747130002
14.5531606680001 37.840816498
14.59386921 37.8139190680001
14.6438369750002 37.8085365300001
14.6796607980002 37.7966537480002
14.7044696810001 37.8128967300001
14.7429456710001 37.8192443850001
14.7451705930001 37.7907371520002
14.7168617240001 37.7683296210001
14.7289310010001 37.7446100000001
14.7155460000001 37.7055889990001
14.7250939150001 37.6824721500001
14.753065051 37.6877250320001
14.798809051 37.7116699220001
14.7931041710001 37.6538772580001
14.822297097 37.6385841370001
14.8262901310001 37.5880813600001
14.807394981 37.5808753970001
14.8001136770001 37.5338325510001
14.7872381210001 37.504806518
14.7646312720001 37.5054855350002
14.745073318 37.5274543770001
14.681936265 37.559001923
14.5979108820001 37.536933899
14.5804367060001 37.548713685
14.5448980330001 37.5439949040001
14.5239520000001 37.5177270000001
14.5253362660001 37.4639434810001
14.5539550780001 37.4466133110002
14.5887260440001 37.451229095
14.625267029 37.4351997390002
14.6158981330001 37.4128417960001
14.5818586350001 37.403533935
14.590799332 37.3751945490002
14.5705852520001 37.3615264890001
14.5431346900001 37.3650360110001
14.4945678720002 37.3476753250002
14.5222230000001 37.3254010000001
14.4997780000001 37.309509
14.4560520000001 37.3110350000002
14.433206559 37.2936248770002
14.3533410450001 37.3072619930002
14.3165250000001 37.304131
14.3175190000002 37.3279500000002
14.2679940000002 37.3334050010002
14.231751 37.3487130000001
14.1669030010001 37.3250850010002
14.1275911330001 37.3399505630002
14.084169389 37.340454102
14.0847275290002 37.363559388
14.0671091070001 37.4045028680002
14.0712499610001 37.4232635500001
14.142787933 37.4784355170001
14.127320291 37.5190696710001
14.1407756810001 37.5534553530001
14.1399059300002 37.5827484130002
14.1600313190001 37.5868415840002
14.165102959 37.6133308410002
14.1357288370002 37.6178245540001
15.1500167840001 41.2814292900001
15.1297750470001 41.310783386
15.0730533600001 41.3334388730001
15.0593137730001 41.3731117240002
15.0824003220001 41.388706207
15.0996456150001 41.4347534180002
15.0766048430001 41.4339065550002
15.0333118450001 41.4536705010001
15.0084896090001 41.4873657230001
14.9672584520002 41.519985199
14.941324234 41.524593354
14.9391880040002 41.5517120360001
14.951174736 41.5936393750001
14.9349689490001 41.6204223630001
14.9608459470001 41.6470108040001
15.0235662460001 41.6228294380001
15.0491733560002 41.6564941410001
15.1016820000001 41.6728100010002
15.122014046 41.7212104800001
15.0982322690001 41.766906739
15.115994454 41.7905311590002
15.10453415 41.8477096560001
15.139669419 41.8802490230001
15.137508392 41.9262504580001
15.2256946570001 41.9179153450002
15.3443060010001 41.9154169990001
15.3634710000001 41.9023630010001
15.4768059990002 41.9051400010001
15.6237487800001 41.9276390080001
15.6759729390001 41.914859772
15.7573614130002 41.916526795
15.89263916 41.9293060310001
16.0112495430001 41.950695039
16.084583282 41.9409713760001
16.1209720000001 41.914585
16.140139 41.9143070000001
16.1662480000001 41.88736
16.1895830000001 41.8390270000001
16.1973630000001 41.80125
16.1895830000001 41.7745820000001
16.1437492370001 41.7423629770001
16.1226387020002 41.7387504580001
16.0654163360001 41.6931953430001
15.9465270000001 41.644028
15.9006960000002 41.6159710000001
15.8929170000001 41.5868070000001
15.8998620000001 41.53653
15.9418067940001 41.4737510670002
15.9818058010001 41.4448623660001
16.0256233210002 41.4256935130001
15.9510335910002 41.4426841740002
15.9742956160001 41.4149513240001
16.035165786 41.3759613050001
15.9827671060001 41.3617630000002
15.9842424400001 41.3056640630001
16.029516221 41.2516784660002
16.021499633 41.2217521660001
15.9924488070001 41.1963806150001
15.927578927 41.182968139
15.871091843 41.1409034730002
15.8068280000001 41.1121029990002
15.7995810000002 41.0929600000002
15.7685720000001 41.0843770000002
15.753434182 41.0983238220001
15.6826450000001 41.0872
15.6182537070001 41.10024643
15.564834594 41.090389251
15.5437097540001 41.056842804
15.4469566350001 41.079006195
15.397229195 41.107791901
15.3683023450001 41.0858612060001
15.3152027140001 41.1048698420001
15.298721314 41.09395218
15.2680463790001 41.1076316840002
15.2102060320001 41.1686744690001
15.258231162 41.198379516
15.2465047830001 41.2352523810001
15.276506423 41.2505149840002
15.251250267 41.2714347840001
15.201869964 41.2872619630002
15.1500167840001 41.2814292900001
13.978795051 41.4634704580002
13.973794937 41.4950256340002
14.0269527430001 41.526752473
14.0245533 41.5620193480002
14.002547264 41.5706787120002
14.011878014 41.6085243230001
13.989183425 41.6548156740002
13.9419116980002 41.688949586
13.995298387 41.6946716320001
14.020069123 41.6833496090001
14.070467949 41.7382125850001
14.116157532 41.73790741
14.1948547360001 41.7489967350002
14.2028112410002 41.7679672240001
14.17158413 41.7806777950001
14.1480436320001 41.828277588
14.167031912 41.843425918
14.217757226 41.8547363280001
14.2306060780002 41.8780632030001
14.2856531150001 41.9097709660002
14.3253746040002 41.8966255180002
14.3431167600002 41.8709526070001
14.3775539390002 41.8809089660001
14.4465770710001 41.8387947080002
14.4647645960002 41.7777786260001
14.4862003330002 41.7606239320001
14.514609336 41.7323493950001
14.5216436380001 41.6998901370001
14.434535979 41.6725616460001
14.4250040050001 41.6448707580001
14.4808683400001 41.6325035090001
14.5105962760001 41.6099205030002
14.494296074 41.5733528140001
14.428967476 41.5257225050001
14.3908281330001 41.5060424800001
14.383359909 41.4442482000001
14.3280410760001 41.4544258120002
14.2784357070001 41.486839295
14.2425069810001 41.4976501470002
14.1681852330001 41.495407105
14.1261548990001 41.5083541860002
14.0792531960001 41.4480705260002
14.108372688 41.4174232480001
14.0843467720001 41.4011383050002
14.0432691570001 41.3937721250002
14.0066614140001 41.453826904
13.978795051 41.4634704580002
13.9419116980002 41.688949586
13.920592309 41.718223573
13.8243780130001 41.7418556210001
13.791028022 41.7439460760002
13.7503538140001 41.7615585340001
13.717392922 41.7983703610001
13.6936092370001 41.7924957280001
13.6630373000002 41.8124160770001
13.6321678160001 41.7836189270001
13.572714805 41.755271912
13.5224580770001 41.7738571170001
13.505309104 41.8025360110001
13.4083690640001 41.838439941
13.367738725 41.834056854
13.3607406620002 41.8703689580001
13.3849020010001 41.9051780710002
13.3235273360001 41.9461517340001
13.286944389 41.9513473520001
13.2324523930001 41.9826660150002
13.199997902 41.9874839780001
13.1408605580002 42.0163345350001
13.102235794 42.0107345580001
13.0554485310001 42.0173568730001
13.027538301 42.0510139470001
13.01940632 42.0759201050001
13.037931443 42.119972229
13.0870771410001 42.1453208920001
13.087980271 42.1788597110001
13.1253776550001 42.1774559020002
13.1706209180001 42.1516876220001
13.1841974270002 42.159862518
13.2496976860001 42.128402711
13.3062076570001 42.1392288210001
13.3236379630001 42.1620101930002
13.3684797290001 42.1810340880001
13.332809448 42.2091522220001
13.3208417900001 42.2306175230001
13.292931557 42.233394623
13.229853631 42.288146972
13.227374077 42.3203086860001
13.1542673120001 42.3579673760001
13.190316201 42.3820838930001
13.1901197440002 42.4011917110001
13.156086922 42.4151878350001
13.117080689 42.444885254
13.1549692150002 42.4633064270001
13.1786861410002 42.5136108390002
13.1582689290001 42.528690338
13.1922826760001 42.5884895330001
13.2624721520002 42.5840644830001
13.292169571 42.5715103150001
13.3280229560001 42.5809097300001
13.3811941150001 42.5818862910002
13.394924164 42.5922279360001
13.4105854030001 42.5391693120001
13.4765377050001 42.4840393060001
13.526621 42.4733700000002
13.5255960000001 42.4516980010001
13.6228590000001 42.4520380000001
13.671489842 42.4393386940001
13.7024917610001 42.4452285770001
13.7500905990001 42.43498993
13.766159057 42.421115875
13.788538933 42.3923263560001
13.8087940220001 42.3336334230002
13.8452291500001 42.282054901
13.843338966 42.257442475
13.809797287 42.248279571
13.811655999 42.1976928710001
13.797019958 42.1838340760002
13.799041748 42.1499595640001
13.8536291130001 42.1469879150002
13.8997888560001 42.166545868
13.911265374 42.144466401
13.9629049290002 42.1257095350001
14.0100193020001 42.0740432740001
14.031435013 42.0838813780001
14.0861177450001 42.0877037040001
14.1049356470002 42.048954011
14.0824165340001 42.019275665
14.098787309 41.9461669920001
14.0827159880001 41.9403915410002
14.1071462630001 41.894332886
14.1358022680001 41.8905639660001
14.184127808 41.9044914240001
14.2306060780002 41.8780632030001
14.217757226 41.8547363280001
14.167031912 41.843425918
14.1480436320001 41.828277588
14.17158413 41.7806777950001
14.2028112410002 41.7679672240001
14.1948547360001 41.7489967350002
14.116157532 41.73790741
14.070467949 41.7382125850001
14.020069123 41.6833496090001
13.995298387 41.6946716320001
13.9419116980002 41.688949586
17.7634716030001 40.2947235110001
17.7928256990001 40.33770752
17.799119949 40.3806343070001
17.8233280180001 40.4044036860001
17.8871612540001 40.4236564630001
17.9364166270001 40.4293441770002
17.954093933 40.4585990910001
17.9943008420001 40.4686737050002
18.0183658600001 40.4635658260001
18.0422209990001 40.4899290000002
18.069887197 40.4614067320001
18.0968055730001 40.5156936660002
18.12763977 40.492362975
18.2009735110001 40.4693069470002
18.307638168 40.389862062
18.321527481 40.3684730520001
18.364027022 40.3409729010002
18.38958168 40.312084198
18.424028396 40.2943038940001
18.4648609170001 40.2215270990001
18.4643058780001 40.192638398
18.492359161 40.1540260310001
18.5173606870001 40.134304047
18.5206947330001 40.1079177850002
18.4851379400002 40.0784721380002
18.477916717 40.0487518310002
18.4348602290002 40.023471833
18.4315280910001 40.0007095340002
18.408750533 39.977638245
18.3943061830001 39.9120826710001
18.3998603810001 39.8893051140001
18.3915271760001 39.8185195920001
18.3690280920001 39.7931938180002
18.3337497710002 39.795139314
18.3073635100002 39.8170814520001
18.2576389320002 39.8362503050001
18.210138321 39.8379173280001
18.1462516780001 39.8634719860001
18.1329174050002 39.8779182430002
18.076248169 39.9068069460001
18.0456943510001 39.9295845040002
17.9943050000001 39.9951400000002
18.016527 40.0054170000001
18.0148620000001 40.0373610000001
17.9909730000001 40.0531960000001
18.012081145 40.0887489320001
17.992082596 40.134029389
17.9251384740001 40.1834716810001
17.9229164120001 40.2248611450001
17.907917 40.2515260000002
17.8634700000001 40.2820820000001
17.7634716030001 40.2947235110001
16.645368577 40.1195831300001
16.5862350460002 40.1340217590001
16.5308303830001 40.1190910340001
16.4527988430001 40.1357994090001
16.4097630000001 40.1219560000002
16.415054 40.0816840000002
16.3993910000001 40.056652
16.3718129030001 40.106681919
16.351335536 40.1243019240001
16.3981533050001 40.1680068960002
16.3603935240002 40.1882133480001
16.3494281770002 40.2063941950001
16.3763217920001 40.2748680110002
16.3327045440001 40.3045578000001
16.3109893810001 40.2743988040002
16.1963043220001 40.266391754
16.1736030580001 40.3007316580001
16.1756820680001 40.339393617
16.1381149300001 40.3848762510001
16.1070442190001 40.4096527100001
16.141546249 40.454868316
16.097858429 40.4827041630001
16.1171760560001 40.500717164
16.0765132910001 40.5456390390001
16.117597581 40.578529358
16.0812610000002 40.6023450000002
16.0490530000001 40.6365620000001
16.0564230000001 40.6560400000001
16.102242563 40.6740600140001
16.1497000000001 40.7041630000001
16.1501598370001 40.7315406800001
16.115716933 40.7686347960001
16.1222610470001 40.7971000670001
16.1696186060001 40.8066711430002
16.244836806 40.8390235900001
16.2880096440001 40.7990722650001
16.3170528400001 40.7840957650001
16.3477096560002 40.7529792800001
16.381214142 40.7373886120001
16.4009742730001 40.7083930980002
16.4313299510001 40.7057459870001
16.4804990000001 40.7377890000002
16.4968970000001 40.7592740000001
16.5376800000001 40.7538830000001
16.57683 40.7645300000001
16.633630752 40.7545547490001
16.725735 40.7148250000001
16.6974510000002 40.7030720000001
16.72648 40.678593
16.7105810000001 40.6338230000002
16.724794 40.6034360000001
16.7065086370001 40.5511817940002
16.7378902430001 40.5048217770001
16.7204074860001 40.482406616
16.736410141 40.4689178470002
16.7934227000001 40.4629478470002
16.8101978310001 40.4340667730001
16.8673610690001 40.3990707410002
16.8487491600001 40.3715286250001
16.7806949610001 40.2970848090001
16.7498607640001 40.2493057260002
16.728472 40.1990280000001
16.686250688 40.1462516790001
16.645368577 40.1195831300001
15.9826140000001 40.6435969990002
15.984827995 40.606765748
15.9554390000001 40.612247
15.9422531120001 40.638923789
15.9826140000001 40.6435969990002
14.7429456710001 37.8192443850001
14.7044696810001 37.8128967300001
14.6796607980002 37.7966537480002
14.6438369750002 37.8085365300001
14.59386921 37.8139190680001
14.5531606680001 37.840816498
14.5740098950001 37.8626747130002
14.5587272640001 37.8792495740001
14.5051193240001 37.8512496950001
14.4934949870001 37.825885773
14.4069671620001 37.867481232
14.3910160070001 37.8536911010001
14.3274192820001 37.8387565620001
14.2806539530002 37.8412094120001
14.275218011 37.9053649900002
14.2538509370001 37.936260223
14.2148838040001 37.9730491640001
14.1842460630001 38.0198593150001
14.228749276 38.010417938
14.3137493140002 38.0087509150001
14.3423624050002 38.0195846550001
14.374028206 38.0162506110001
14.4234720000001 38.0401420000001
14.4737490000001 38.0329210000002
14.5295810000001 38.0437510000001
14.5562496180001 38.060138703
14.6306953430001 38.0704154970002
14.6751384740001 38.0970840460001
14.7387514120001 38.1579551690002
14.787638665 38.1518058780002
14.855139733 38.1690292360001
14.887915612 38.1712493900001
14.9151382450001 38.1926383970001
14.9468069090001 38.1770820630002
14.9690284730002 38.152637482
15.0473623280001 38.1509704590001
15.0606927880001 38.1281890870002
15.1140270220001 38.1268043520001
15.17068863 38.1506996160001
15.2156915660001 38.1884727490001
15.2284708020001 38.208751679
15.2918062200002 38.2062492370001
15.3506917950001 38.2162513730001
15.4529161450001 38.2529182440002
15.5212488170002 38.2984733590001
15.5504179010001 38.3009719860001
15.574858666 38.2848587030001
15.6520833970002 38.2654151920001
15.5859718320001 38.2484741210001
15.55819416 38.1976394660001
15.562638284 38.1837501530001
15.52013874 38.125972748
15.4776401510001 38.054862976
15.4406948090002 38.024307251
15.3073606490001 37.8795814520001
15.2687511450001 37.8312492370001
15.2587280280001 37.8083343510002
15.2102317800001 37.8612251290002
15.1506462100001 37.8969345100001
15.1115350730001 37.9072761550001
15.0500240330001 37.895961762
15.0029087070001 37.8989372260001
14.9563541410001 37.912479401
14.94190199 37.951896806
14.927582 37.9613610000001
14.857435073 37.9279139440002
14.8020420080001 37.9543533330001
14.7632122030001 37.934558868
14.7609863290001 37.869602204
14.7895450600001 37.854011536
14.8032026290001 37.8174781800001
14.7429456710001 37.8192443850001
14.032361 40.8996770000001
14.0188770290001 40.9489097590001
14.0482501980002 40.9602203360001
14.0935115810001 40.9610061650002
14.113088609 40.9799842840001
14.1411514290001 40.9801406870001
14.1576318740001 40.9524955740001
14.2152214050001 40.9502868660001
14.285353661 40.9612998970002
14.2984895710001 41.0057449340001
14.3275127420001 41.0011444090002
14.408485413 41.0024719240001
14.4056968680002 40.9870872500002
14.4779272080002 40.9824562080001
14.521676063 40.9881401070002
14.532034873 41.0143432620001
14.5727987280001 41.0105133050002
14.586166382 40.9349594120001
14.5779857640002 40.8815917970002
14.606406213 40.8486175540001
14.5663738250001 40.8337593080001
14.5889930720002 40.806598663
14.5457191470002 40.7791442880001
14.5078830710001 40.7739677430002
14.5151147850002 40.7391586300002
14.5435485850002 40.741165161
14.580751418 40.7105789180002
14.5813579560001 40.6865844740001
14.5560469530001 40.6689378450001
14.5772230000001 40.6282920000002
14.5187698980001 40.6229360660002
14.5118320010001 40.6460570000001
14.4829874040001 40.648490906
14.4706945410001 40.6207199100002
14.3231940000001 40.5701370000002
14.3201380000002 40.5868070000001
14.3409710000001 40.6270830000001
14.3998622890001 40.6381950390002
14.4804162990001 40.7090263380001
14.4540280000002 40.7501370000001
14.4140291210001 40.7515296940001
14.2954160000001 40.8359720000001
14.2623620000001 40.8406940000002
14.2154160000001 40.8215290000002
14.1859720000002 40.7915270000001
14.1620840000001 40.8156930000001
14.0823602670001 40.8284721370001
14.079859734 40.7890281690002
14.0468060000001 40.7895850000002
14.0470838540001 40.8577575690001
14.032361 40.8996770000001
13.012836457 37.7437553400001
13.089322091 37.7715072630001
13.0564327250001 37.811866761
12.9729270940001 37.8254165640002
12.9436237140001 37.8460041660001
12.9592914580001 37.86592865
12.954839707 37.8982048050001
13.0245590210001 37.903423309
13.0477390300002 37.9403457640001
13.0336952220001 37.9706726080001
13.0045127870001 37.9928207410001
12.978471756 38.0409736630001
13.0526399620001 38.0723609930002
13.0776395810001 38.0881958000001
13.0559720980002 38.1318054210001
13.1045789710001 38.1915321350001
13.1601400370001 38.1859703070002
13.1931915280002 38.1695823670001
13.2729158390002 38.1981925970002
13.3181910000002 38.2251400000002
13.3256940000001 38.2040290000002
13.3584700000001 38.1920810000001
13.376806 38.1515270000001
13.366527 38.1268040000001
13.384307 38.108471
13.4409700000002 38.09486
13.4904193880001 38.1018104560001
13.5106935510001 38.1179199230002
13.5420818320001 38.088470458
13.5406923290001 38.0581893920002
13.6229160000001 38.0101390000001
13.7451391220001 37.9701385500001
13.834859849 37.9826393140001
13.90263939 38.0065269480002
13.951807022 38.031528472
13.9818086620001 38.0293006900001
14.0340290070001 38.040695192
14.0640287400001 38.0190315240001
14.1070823670001 38.0148620610001
14.154859544 38.0243110660001
14.1842460630001 38.0198593150001
14.2148838040001 37.9730491640001
14.2538509370001 37.936260223
14.275218011 37.9053649900002
14.2806539530002 37.8412094120001
14.2630367280001 37.8219985960002
14.269192696 37.7770919800002
14.291687013 37.765350342
14.2946376810001 37.7440338130001
14.2692499160001 37.7056655880001
14.2172009570001 37.678833497
14.1623630530001 37.6706962590002
14.164166004 37.6382900300002
14.1357288370002 37.6178245540001
14.0787706950001 37.6453248760001
14.0427560000002 37.645721
14.020583152 37.6199798580001
14.0281057360002 37.603477479
13.9572553640002 37.5867118840001
13.8999986640001 37.6192626960001
13.9051685330002 37.6585845940002
13.8641740000001 37.6907879990001
13.81459 37.7057500000002
13.80256575 37.7437516170001
13.749959001 37.7047730000002
13.7332506180001 37.6840553280002
13.6962432860001 37.6959991450001
13.6728401190001 37.689888001
13.6561079030001 37.6593208310001
13.6019287110001 37.6570854190001
13.5644159310002 37.63658142
13.5177373890001 37.6428451540002
13.5090827930001 37.6601295460001
13.4270591740001 37.6443290710001
13.3847351070002 37.6544837940001
13.3919096000002 37.6177177440001
13.3819007880001 37.6006469740001
13.3998031620001 37.5575675980001
13.3595457080001 37.5431365970001
13.3214235300001 37.589210511
13.3346328740001 37.6098403920001
13.3223352420001 37.6509323130001
13.2765131000002 37.6483345040001
13.254673004 37.6192626960001
13.2131586070001 37.6415596010001
13.214557647 37.6754035950001
13.1885004040001 37.6927528380001
13.1447238920001 37.6900901800001
13.1269540790001 37.701801301
13.0812492380001 37.6950721740001
13.0474224100001 37.713119507
13.012836457 37.7437553400001
14.0413100000001 37.6620940000001
14.07852 37.6889800000001
14.089911 37.7086790000001
14.0442480000002 37.7270160000001
14.012842 37.6908910000001
14.0187170000002 37.6585390000001
14.0413100000001 37.6620940000001
13.766159057 42.421115875
13.806940078 42.4771537780001
13.8387508390001 42.498905183
13.8849887850001 42.4903411860001
13.8855133050001 42.5101966870001
13.9530448920001 42.5061187750001
13.9527597430001 42.5307044980001
13.9908809670001 42.5428352360001
14.0582237250002 42.5316352840002
14.1456890110001 42.5309715280002
14.1870841990001 42.4926376340001
14.2539129250001 42.4451370230001
14.22482485 42.4283290710002
14.158024 42.41835
14.1370182030001 42.3904762270001
14.1128015530001 42.3329925530001
14.0765619270001 42.3260612490001
14.1122198110001 42.2923545840001
14.107510567 42.258235932
14.1181726450001 42.2230148320001
14.096972466 42.1868896490001
14.130065917 42.159744262
14.1103849420001 42.1380805970002
14.1158113490001 42.1081581120002
14.0861177450001 42.0877037040001
14.031435013 42.0838813780001
14.0100193020001 42.0740432740001
13.9629049290002 42.1257095350001
13.911265374 42.144466401
13.8997888560001 42.166545868
13.8536291130001 42.1469879150002
13.799041748 42.1499595640001
13.797019958 42.1838340760002
13.811655999 42.1976928710001
13.809797287 42.248279571
13.843338966 42.257442475
13.8452291500001 42.282054901
13.8087940220001 42.3336334230002
13.788538933 42.3923263560001
13.766159057 42.421115875
15.7559728630001 39.9242134100001
15.7345830000001 39.9443050000001
15.7195840000001 39.977085
15.6450680000001 40.0412480000001
15.6727800000001 40.055527
15.6694211950001 40.0742492680002
15.70665741 40.1187362670001
15.7025699610002 40.1624755870002
15.7133589160001 40.1794510170002
15.774913788 40.2183494570001
15.806197167 40.2524108890001
15.7950172430001 40.2879638670001
15.7499923710001 40.2997398390002
15.7097587580001 40.3375701910002
15.710953713 40.3782958980001
15.6039180760001 40.4357757560001
15.578763962 40.4704666140001
15.5396709450001 40.4890518200001
15.5461559290001 40.5326538080001
15.510969162 40.586738587
15.4762134560001 40.593441009
15.452599525 40.6118431090001
15.4686021800001 40.6402282720001
15.5044221880001 40.6639366150002
15.4297800060001 40.693584442
15.382322312 40.7251396180002
15.3864059450002 40.7925186150002
15.3358268730001 40.8358612060001
15.3791675560001 40.8417396540002
15.384810448 40.8773155210002
15.4165973660002 40.882190705
15.465751649 40.871116638
15.4684886940001 40.8905906680002
15.5275897990001 40.9085731510001
15.5485420230002 40.953880311
15.5674505240001 40.9697685240002
15.572869301 40.9998626710002
15.5437097540001 41.056842804
15.564834594 41.090389251
15.6182537070001 41.10024643
15.6826450000001 41.0872
15.753434182 41.0983238220001
15.7685720000001 41.0843770000002
15.7995810000002 41.0929600000002
15.8068280000001 41.1121029990002
15.871091843 41.1409034730002
15.9218053820001 41.112133027
15.9542198180001 41.1117897040001
16.0080833440001 41.0600891110001
16.0388278950001 41.0398635860001
16.032817841 40.9993667600001
16.0093936910001 40.9732437140002
15.977461815 40.9594383240001
16.0944671620002 40.9212493900001
16.1221256260002 40.900222779
16.163799286 40.9295616150001
16.203292847 40.9185142520001
16.224630356 40.8875694270001
16.244836806 40.8390235900001
16.1696186060001 40.8066711430002
16.1222610470001 40.7971000670001
16.115716933 40.7686347960001
16.1501598370001 40.7315406800001
16.1497000000001 40.7041630000001
16.102242563 40.6740600140001
16.0564230000001 40.6560400000001
16.0490530000001 40.6365620000001
16.0812610000002 40.6023450000002
16.117597581 40.578529358
16.0765132910001 40.5456390390001
16.1171760560001 40.500717164
16.097858429 40.4827041630001
16.141546249 40.454868316
16.1070442190001 40.4096527100001
16.1381149300001 40.3848762510001
16.1756820680001 40.339393617
16.1736030580001 40.3007316580001
16.1963043220001 40.266391754
16.3109893810001 40.2743988040002
16.3327045440001 40.3045578000001
16.3763217920001 40.2748680110002
16.3494281770002 40.2063941950001
16.3603935240002 40.1882133480001
16.3981533050001 40.1680068960002
16.351335536 40.1243019240001
16.3718129030001 40.106681919
16.3993910000001 40.056652
16.399236679 40.0199661260001
16.3386211400001 39.937179565
16.3604830320001 39.9206085770001
16.3440475470001 39.9034385690002
16.3171672830001 39.9297904960002
16.2692508700002 39.936965942
16.2176380010001 39.9289699990001
16.215513065 39.8969841370001
16.1594276440001 39.9210701000002
16.0838584900001 39.8976211560001
16.0543117530001 39.899147035
16.023445129 39.924648285
16.007692336 39.957939148
16.031328201 39.994445801
15.9800186170002 39.9834060680001
15.9288482670001 40.0020751960002
15.898836135 39.9826889050002
15.845169068 40.0052947990001
15.820881845 40.0028762830001
15.7720120000001 39.9566080000002
15.7559728630001 39.9242134100001
15.9826140000001 40.6435969990002
15.9422531120001 40.638923789
15.9554390000001 40.612247
15.984827995 40.606765748
15.9826140000001 40.6435969990002
14.338444709 37.0012512220001
14.4140043270002 37.0312004100001
14.4447946550001 37.0540695190001
14.4756231320001 37.0529136650002
14.5209436410001 37.0728416440001
14.5640554430001 37.0524520880001
14.6109857550001 37.087501526
14.7032365800002 37.1188278210001
14.7256832120001 37.1031455990001
14.7661933900001 37.1003913880002
14.7937364580001 37.110603333
14.794541359 37.1331787110001
14.8172254570002 37.1102523800002
14.81889534 37.0615081780001
14.8543260000001 37.0362820000001
14.8877960000001 36.9896390000002
14.8974940720001 36.9264338440001
14.8840484630001 36.9009895330001
14.939276 36.8647959990002
14.922945999 36.8494070000001
14.8868560010002 36.8693470000001
14.8646460000001 36.8663480000001
14.8550580000001 36.8288189990001
14.8912048330001 36.825206757
14.9543109990001 36.8045159990001
14.9893579480001 36.7776489260002
14.9884181460001 36.7493333120002
15.001298905 36.7026405340001
14.9559707630002 36.6934738170001
14.9120817190001 36.7237510680001
14.8529176720001 36.729583741
14.8031939990001 36.709305
14.7570819860001 36.7098617550001
14.7448616030002 36.720695495
14.6876392370001 36.7215309140001
14.6720819480001 36.7418060300001
14.6309709540001 36.7651405330002
14.556529998 36.7823600770001
14.4937486640001 36.7859687810001
14.4601383210001 36.827640534
14.4368066780001 36.8837509160001
14.3754177090002 36.9651412970001
14.338444709 37.0012512220001
15.9201393130002 38.5078544620001
15.960882187 38.526676177
16.005292893 38.5177574160001
16.0807991020001 38.563121795
16.1025257100001 38.5417098990001
16.136533736 38.5365982070001
16.194303513 38.49861908
16.2319126130001 38.502063751
16.2543220530001 38.4854011530002
16.2681331630001 38.446098329
16.3023870000001 38.4316369920001
16.3536796560001 38.4317741400001
16.3924026480001 38.4496231090001
16.389114379 38.477165222
16.356039047 38.4965858470001
16.3500710000002 38.538391
16.3693900000001 38.565098
16.393669 38.5748330000001
16.4206310000001 38.555008
16.4809534200001 38.4931719300001
16.5380099990002 38.4673500010002
16.5823590000001 38.4706190000002
16.5754170010001 38.4345820000001
16.4990272520001 38.3609733580001
16.4523600000001 38.334305001
16.3237495420001 38.294029235
16.268472671 38.2345848100001
16.160139084 38.127361298
16.144861221 38.0326385490002
16.1009712220001 37.9598617560002
16.0634746550001 37.9240264900001
15.9959726340001 37.9156951920002
15.922917366 37.9295845030001
15.8248615260001 37.9187507630001
15.7631931310001 37.916526796
15.6784734720001 37.9537506100001
15.6387500750001 38.0015296940001
15.6348619460002 38.0173606880001
15.6573610300001 38.041248323
15.6348619460002 38.07597351
15.6312494290001 38.1031951910001
15.6568050390001 38.1354179380001
15.63319397 38.1912498470002
15.6359720230001 38.232639314
15.7001390470001 38.2531929020001
15.749305726 38.257083894
15.7962503430002 38.2809715280001
15.8293056490001 38.3240280160002
15.8359727870001 38.3640289310001
15.862639427 38.3865280150002
15.8820819850001 38.4309730530002
15.9023618700002 38.43902588
15.9201393130002 38.5078544620001
14.4706945410001 40.6207199100002
14.4829874040001 40.648490906
14.5118320010001 40.6460570000001
14.5187698980001 40.6229360660002
14.5772230000001 40.6282920000002
14.5560469530001 40.6689378450001
14.5813579560001 40.6865844740001
14.580751418 40.7105789180002
14.5435485850002 40.741165161
14.5151147850002 40.7391586300002
14.5078830710001 40.7739677430002
14.5457191470002 40.7791442880001
14.5889930720002 40.806598663
14.5663738250001 40.8337593080001
14.606406213 40.8486175540001
14.6676502230002 40.8234634400002
14.6870689400001 40.8423728940002
14.7350807200001 40.8405151370002
14.745252609 40.8046760550001
14.8137588490001 40.805507661
14.8351383210001 40.794521332
14.9192848210002 40.802188873
14.9463367470001 40.7889976500001
15.0295610420001 40.7826118460002
15.1404323570001 40.757873534
15.167805672 40.708911895
15.2479256660002 40.7186739400001
15.2402811060001 40.7755012510001
15.2815055850001 40.8005294800001
15.296395303 40.8391418450001
15.3358268730001 40.8358612060001
15.3864059450002 40.7925186150002
15.382322312 40.7251396180002
15.4297800060001 40.693584442
15.5044221880001 40.6639366150002
15.4686021800001 40.6402282720001
15.452599525 40.6118431090001
15.4762134560001 40.593441009
15.510969162 40.586738587
15.5461559290001 40.5326538080001
15.5396709450001 40.4890518200001
15.578763962 40.4704666140001
15.6039180760001 40.4357757560001
15.710953713 40.3782958980001
15.7097587580001 40.3375701910002
15.7499923710001 40.2997398390002
15.7950172430001 40.2879638670001
15.806197167 40.2524108890001
15.774913788 40.2183494570001
15.7133589160001 40.1794510170002
15.7025699610002 40.1624755870002
15.70665741 40.1187362670001
15.6694211950001 40.0742492680002
15.6727800000001 40.055527
15.6450680000001 40.0412480000001
15.6265268320001 40.0637512210001
15.574583053 40.0781936650001
15.5034723290001 40.0637512210001
15.460972785 40.0337486270001
15.4212503430002 39.992084503
15.339584351 40.0070838930001
15.3201379780001 40.0295829770001
15.2845840450001 40.0340271000002
15.2720832830001 40.073749542
15.242638589 40.089584351
15.20402813 40.1240272530001
15.1809720990001 40.1268043530002
15.1248598100001 40.1751403800001
15.064861298 40.1645851130001
15.0293054570002 40.177639007
14.9926376340001 40.2176399240001
14.937359811 40.2281951910001
14.9045829780001 40.2531929030002
14.9451379780001 40.2801399230001
14.9445819850002 40.3359718320002
14.9990291590001 40.3584709160001
15.0004167560001 40.3890266430001
14.9845829010002 40.4243049630001
14.937359811 40.4898605350001
14.9079103460001 40.5473594670002
14.8770828240001 40.5884704590002
14.8245840070001 40.640140535
14.7590255740001 40.6773605340001
14.7195844640001 40.6665267940002
14.6929178240001 40.6340293890001
14.628748895 40.6484718330001
14.5759725570001 40.6168060310001
14.5240268700001 40.6076431270001
14.4887514120001 40.6270828250002
14.4706945410001 40.6207199100002
15.001298905 36.7026405340001
14.9884181460001 36.7493333120002
14.9893579480001 36.7776489260002
14.9543109990001 36.8045159990001
14.8912048330001 36.825206757
14.8550580000001 36.8288189990001
14.8646460000001 36.8663480000001
14.8868560010002 36.8693470000001
14.922945999 36.8494070000001
14.939276 36.8647959990002
14.8840484630001 36.9009895330001
14.8974940720001 36.9264338440001
14.8877960000001 36.9896390000002
14.8543260000001 37.0362820000001
14.81889534 37.0615081780001
14.8172254570002 37.1102523800002
14.794541359 37.1331787110001
14.8374309540002 37.1256256100001
14.835297584 37.1638336180001
14.8716306690001 37.1903152460001
14.828053474 37.1970481870002
14.8213605880001 37.2087287910001
14.774155616 37.2232398990001
14.8119287490002 37.2577400210001
14.8473434450001 37.2605857840001
14.8565759660001 37.2807884210002
14.8835258480001 37.2873954780002
14.8914537430001 37.3127517710002
14.8440637590002 37.3256607060001
14.8052835470001 37.3166618340002
14.7791156760001 37.3309822080002
14.839263917 37.358894348
14.8436250690001 37.3800468440002
14.8784408580001 37.3907051090001
14.8934135440002 37.411388398
14.9227676400001 37.4135398860001
14.9822292330001 37.3752441420002
15.0332345960001 37.372413636
15.0904169080001 37.3596763620001
15.0993060000002 37.3165280000001
15.1351390000001 37.3098600000001
15.164029 37.2884710000002
15.2243050000001 37.270416
15.2562500000001 37.2426410000002
15.1948610000001 37.2262500000001
15.1823600000001 37.2065280000002
15.2043056500001 37.1548614500001
15.2379159930001 37.1154174810001
15.2943086620001 37.1073608390001
15.3015270230001 37.0804176340001
15.2804183960001 37.0343055730001
15.3026390080001 37.0151405330001
15.1873598110001 36.9468040480002
15.1584720620002 36.919582367
15.1373610000001 36.8670850000001
15.1068090000001 36.8404160000001
15.0945840000001 36.7837490000002
15.120973587 36.7415275590001
15.1315280000001 36.6668050000002
15.084027 36.64986
15.0579166410001 36.6618042000001
15.023750304 36.699584961
15.001298905 36.7026405340001
16.8673610690001 40.3990707410002
16.8101978310001 40.4340667730001
16.7934227000001 40.4629478470002
16.736410141 40.4689178470002
16.7204074860001 40.482406616
16.7378902430001 40.5048217770001
16.7065086370001 40.5511817940002
16.724794 40.6034360000001
16.7105810000001 40.6338230000002
16.72648 40.678593
16.6974510000002 40.7030720000001
16.725735 40.7148250000001
16.787738801 40.7336578370001
16.8008842470001 40.6959915170002
16.8574905400001 40.7246780390001
16.912757874 40.7080726630002
16.9267406470001 40.7378082290001
16.9715080270001 40.7422943120001
17.022338867 40.714908601
17.0593624120001 40.7224235530001
17.0881767270001 40.7139892580001
17.150299073 40.7117385870001
17.1606826790001 40.7447357180001
17.2013549800001 40.7623977660001
17.2487297050001 40.7669448850002
17.2435684210001 40.8008575440001
17.3002510070002 40.800880432
17.2837910000001 40.7681690000001
17.3054330740002 40.7444459810001
17.3544060950001 40.7495689690001
17.3506374360001 40.7338752750001
17.3864192970001 40.723003388
17.4186344140001 40.6824836740001
17.427806854 40.6346054080001
17.474191665 40.6115608210002
17.449100494 40.5559196480001
17.4877891550001 40.4831428530001
17.5118350990002 40.4798431410001
17.533594131 40.448043823
17.5728034980001 40.443237305
17.5845851900001 40.4611892700001
17.6260471340001 40.4634971620001
17.6834278100002 40.4417419430001
17.6941680910001 40.4128303530002
17.7341995240001 40.3924865720001
17.769014358 40.3968734750001
17.799119949 40.3806343070001
17.7928256990001 40.33770752
17.7634716030001 40.2947235110001
17.660419464 40.3043060300001
17.5054168710001 40.2948608400002
17.4926395420001 40.3109741210001
17.4490299230002 40.327915192
17.3934730000001 40.3329160000001
17.3745822900002 40.348472595
17.3109720000002 40.365417
17.2262500000001 40.4048610000001
17.2512490000001 40.4498600000001
17.254305 40.4773600000001
17.2993070000001 40.4684720000001
17.3262480000001 40.4890290000001
17.302917 40.5006940000001
17.2762510000001 40.4890290000001
17.2548620000001 40.500973
17.2170830000001 40.4740300000001
17.182083 40.4818040000001
17.1679170000002 40.5015260000001
17.1293050000002 40.517639
17.0873600000001 40.5204160000001
17.0204162590001 40.5059738160001
16.9481964100002 40.4698600780001
16.8990287780001 40.4337501530001
16.8673610690001 40.3990707410002
13.394924164 42.5922279360001
13.4091978080002 42.6438293460001
13.3702239990001 42.6506996160001
13.350593567 42.6696815500001
13.3597784040002 42.6967926030001
13.3897237780002 42.6882667540002
13.4283142080002 42.707389832
13.4530248640002 42.7348747250002
13.4897155760002 42.7346343990002
13.503232956 42.7719306940001
13.5300170180001 42.7963029430001
13.621879578 42.8166656500001
13.636425018 42.804260254
13.7000379560001 42.8234825140001
13.7234039310001 42.856311798
13.7807569510001 42.8619384770001
13.8170404440001 42.8784828190001
13.8846969610001 42.8928527830002
13.9187498100001 42.8937492370001
13.93764019 42.8162498480002
13.9959716810001 42.7068061820001
14.0379171370001 42.6570816050001
14.0734720230001 42.6029167170001
14.1456890110001 42.5309715280002
14.0582237250002 42.5316352840002
13.9908809670001 42.5428352360001
13.9527597430001 42.5307044980001
13.9530448920001 42.5061187750001
13.8855133050001 42.5101966870001
13.8849887850001 42.4903411860001
13.8387508390001 42.498905183
13.806940078 42.4771537780001
13.766159057 42.421115875
13.7500905990001 42.43498993
13.7024917610001 42.4452285770001
13.671489842 42.4393386940001
13.6228590000001 42.4520380000001
13.5255960000001 42.4516980010001
13.526621 42.4733700000002
13.4765377050001 42.4840393060001
13.4105854030001 42.5391693120001
13.394924164 42.5922279360001
12.978471756 38.0409736630001
13.0045127870001 37.9928207410001
13.0336952220001 37.9706726080001
13.0477390300002 37.9403457640001
13.0245590210001 37.903423309
12.954839707 37.8982048050001
12.9592914580001 37.86592865
12.9436237140001 37.8460041660001
12.9729270940001 37.8254165640002
13.0564327250001 37.811866761
13.089322091 37.7715072630001
13.012836457 37.7437553400001
12.965015411 37.7303695680001
12.9185600290001 37.6903953550001
12.8909530630001 37.6417274490001
12.9156532280001 37.6378402720001
12.8962497710002 37.577079772
12.859859466 37.5829162600001
12.7806930540001 37.5809707640001
12.672915458 37.559581757
12.62902832 37.6012496950001
12.6140289310002 37.635971069
12.5643053060002 37.6618042000001
12.5193061830001 37.6601371770001
12.4709700000001 37.7048610000002
12.4720830000002 37.7437520000001
12.442082 37.7890280000001
12.4626380000001 37.8162500000001
12.4648600000001 37.847916
12.4840270000001 37.8579180000002
12.4659720000001 37.914028
12.4981950000001 37.9670830000001
12.537918 37.9931950000002
12.5104180000002 38.0176390000001
12.56097126 38.0654220580001
12.6104173650002 38.0654182430001
12.6437492370001 38.077640533
12.662638664 38.1131935120002
12.710692406 38.109859468
12.7362500000001 38.1373600000001
12.7154170000001 38.1784710000001
12.7681900000001 38.18042
12.767639 38.1623610000001
12.791528 38.1351390000002
12.7901380000001 38.1101420000001
12.8290290840001 38.06513977
12.894860268 38.024028778
12.978471756 38.0409736630001
15.9201393130002 38.5078544620001
15.9320840830001 38.5406951910002
15.8284721380002 38.6259727480002
15.8526401530001 38.6626396180001
15.8954172130001 38.6809730520002
15.9465265270001 38.690971376
15.9862499240002 38.7234725960001
16.041805267 38.727638244
16.100694657 38.711528779
16.13458252 38.7173614500001
16.18486023 38.7495841970002
16.215417862 38.8114738470001
16.248092651 38.8104820260001
16.2970142360001 38.822338104
16.3451347360001 38.7951202390001
16.3709774020002 38.74307251
16.3507976540001 38.7356872560001
16.3383178710002 38.6879882810001
16.3463535310001 38.6584053050001
16.3299617770002 38.6414146430001
16.3773822790001 38.6220512390001
16.371192932 38.6104278570001
16.429515838 38.5843162530001
16.4206310000001 38.555008
16.393669 38.5748330000001
16.3693900000001 38.565098
16.3500710000002 38.538391
16.356039047 38.4965858470001
16.389114379 38.477165222
16.3924026480001 38.4496231090001
16.3536796560001 38.4317741400001
16.3023870000001 38.4316369920001
16.2681331630001 38.446098329
16.2543220530001 38.4854011530002
16.2319126130001 38.502063751
16.194303513 38.49861908
16.136533736 38.5365982070001
16.1025257100001 38.5417098990001
16.0807991020001 38.563121795
16.005292893 38.5177574160001
15.960882187 38.526676177
