934 283 949
424 1068 1582
283 284 949
539 1296 1095
273 271 272
79 80 1082
1314 594 596
295 1690 294
1310 1491 1285
1478 684 685
934 286 282
120 1092 119
286 287 895
1382 1201 619
896 281 895
281 282 895
1153 1391 1263
1237 906 901
280 903 904
281 903 280
705 958 1228
64 1026 1395
895 287 896
895 282 286
399 1024 398
1263 1391 279
269 270 1274
1606 1361 1376
273 270 271
270 273 1274
869 924 268
926 869 268
871 872 1045
870 869 926
870 269 1274
924 267 268
870 1274 871
190 1040 1337
874 274 276
276 274 275
57 58 1025
1399 617 1201
874 875 1117
874 276 875
1118 875 277
875 1118 876
276 277 875
871 874 872
878 1186 935
874 1274 274
84 85 1033
876 877 875
936 1153 881
1585 1319 1584
288 289 922
288 897 287
1232 738 739
288 922 897
281 899 903
897 922 896
898 900 899
898 923 900
922 899 896
901 899 900
290 900 923
897 896 287
651 650 1245
1538 1400 1766
810 809 1054
1504 753 1207
291 998 290
291 292 998
999 294 1054
599 598 1157
995 966 1167
998 900 290
808 999 1054
1278 629 630
1234 576 577
1271 1047 1237
899 902 903
902 899 901
902 901 905
902 905 904
840 1190 1470
906 907 905
839 1190 840
1046 840 802
840 907 802
907 1470 905
901 906 905
902 904 903
998 1237 901
901 900 998
807 1000 1483
1271 999 806
806 805 1047
805 806 807
803 804 1046
803 802 906
1236 1119 839
803 1047 804
805 804 1047
1046 802 803
841 1119 1236
906 802 907
808 807 999
1000 807 808
1000 808 809
899 281 896
1322 1035 105
1190 839 882
924 870 1036
874 873 872
1045 1113 1686
1036 267 924
265 1681 1683
422 1203 423
1036 266 267
1372 1679 1682
3 4 1176
1048 877 878
1113 873 1117
1283 1080 782
278 1391 1118
877 876 878
879 936 865
935 865 1048
862 863 864
863 1048 865
861 952 862
861 862 953
864 863 865
1238 863 952
936 881 866
878 935 1048
1153 880 1186
952 861 859
264 262 263
264 261 262
744 741 1023
1313 717 714
576 1234 573
741 740 1138
257 1001 256
195 196 1014
719 1120 720
1014 198 1170
260 261 259
1167 966 483
1258 1115 892
1683 264 265
859 1049 858
863 862 952
1001 255 256
257 258 1001
1001 252 255
259 261 1683
258 259 1002
255 253 254
1045 872 1113
1292 1396 486
858 1102 859
892 890 893
861 860 859
118 119 1092
882 839 838
881 1190 882
839 1046 1236
881 882 868
867 866 868
868 866 881
868 838 837
838 1119 836
868 882 838
838 836 837
836 842 835
866 864 865
1003 843 841
832 833 1003
1003 833 843
843 834 842
834 833 831
833 834 843
831 830 1275
831 833 832
832 830 831
1275 830 829
830 832 1288
843 842 841
1470 907 840
834 835 842
860 861 953
867 864 866
1338 856 1049
857 1049 856
857 855 1492
855 857 856
856 854 855
854 856 1601
857 858 1049
855 883 1492
837 1004 1227
864 953 862
1338 1509 1601
837 836 1004
849 850 1276
1275 829 1006
867 868 837
1275 834 831
852 954 853
853 851 852
849 848 1202
851 850 1268
1276 850 851
954 854 853
1006 829 828
953 867 1227
835 1004 836
855 854 883
830 1311 829
936 866 865
842 1119 841
1268 954 852
824 822 1539
607 1109 960
312 1169 311
1093 985 509
1105 507 1092
1453 314 1050
307 308 1191
998 1271 1237
309 310 1005
99 100 992
101 992 100
1191 306 307
309 1005 308
603 1158 1663
315 316 1050
542 1296 540
1659 667 664
1050 316 317
315 1050 314
318 1547 317
1169 1005 310
819 632 939
443 444 943
312 313 314
1572 1147 504
987 140 1225
1230 942 442
1192 723 722
304 305 302
1493 467 1407
302 1458 301
1189 1168 996
1604 1603 1254
579 578 1106
1642 1655 1611
1086 647 646
1354 1168 1189
1603 298 1254
305 1191 1458
303 304 302
1609 1191 308
306 1191 305
1458 300 301
945 1673 1222
716 717 718
1051 718 717
1749 1362 719
719 718 1120
718 1051 1120
716 718 719
720 721 722
1108 1254 299
299 300 1108
1341 1294 1602
1193 956 1415
1291 70 71
371 1038 1052
78 1081 75
370 371 1052
1242 1424 1555
1491 569 568
1038 1568 1052
368 1239 1462
1462 366 367
370 1052 369
995 484 1180
372 373 937
158 159 1583
1812 376 1564
371 372 937
621 1173 1127
368 1052 1239
133 997 1460
365 366 1462
682 324 325
704 1008 703
610 609 1165
604 603 1007
541 947 542
371 937 1038
1605 435 437
1200 914 1379
733 320 321
879 880 936
1053 322 955
733 321 734
1394 724 1277
1192 722 721
731 730 956
731 1193 732
956 1193 731
1194 725 724
734 955 733
732 1193 733
683 955 322
955 732 733
323 682 322
682 323 324
1041 947 501
957 730 731
724 723 1194
725 726 1277
725 1381 726
729 726 730
726 956 730
1677 1394 1256
726 727 1277
731 732 957
1227 867 837
1677 722 723
937 374 1038
734 321 1053
1312 858 857
720 1749 719
809 810 1055
809 808 1054
829 1311 1698
825 1006 828
824 825 826
1006 825 824
827 1154 826
826 825 828
828 827 826
823 824 826
810 811 1833
1288 1311 830
815 812 813
1397 1341 811
298 299 1254
815 813 814
812 815 1197
1666 1671 1665
828 1698 827
1197 815 816
1195 709 1158
597 598 596
814 1445 815
1054 1690 1397
811 810 1397
1670 938 1154
821 822 823
823 822 824
820 938 819
821 823 820
1056 821 939
939 631 1056
939 821 820
632 819 633
820 819 939
631 632 630
823 938 820
1056 1171 1541
818 1121 591
592 1121 595
596 594 595
595 594 593
818 819 938
592 595 593
630 633 1278
630 632 633
591 592 633
1121 592 591
633 818 591
1278 633 592
593 1179 1471
633 819 818
596 595 597
631 627 1056
596 598 600
1276 1309 849
712 711 1445
815 1445 816
714 1217 1459
1445 711 816
711 709 1195
711 817 816
710 709 711
708 709 710
711 712 710
1195 817 711
712 1459 710
1157 959 599
714 716 715
1051 717 1313
715 716 719
707 1459 958
708 707 706
710 1459 708
1158 708 1663
706 707 958
958 705 706
1452 959 1157
702 703 1109
1459 713 714
1313 714 713
1007 1663 704
703 1007 704
601 959 1158
604 1196 603
601 603 602
602 1314 600
598 599 600
596 600 1314
599 959 600
601 602 600
603 1196 1734
1196 604 605
600 959 601
703 702 1007
705 1008 704
606 1109 607
703 1008 1109
609 608 960
702 605 604
607 1371 606
605 702 606
608 611 1757
607 960 608
1109 606 702
129 130 1091
1370 611 555
604 1007 702
704 1663 705
593 594 1179
1617 1616 1272
816 817 1197
716 714 717
1785 1330 1414
322 682 683
1690 1294 1397
447 1328 1101
630 628 631
1784 194 1170
1227 860 953
228 1172 227
1155 225 226
222 223 1009
1510 1048 1339
1009 221 222
1415 1381 1420
613 152 1557
940 215 1229
1229 1155 940
408 1079 406
154 155 1242
403 404 1079
234 1122 233
312 1453 1169
1111 671 670
1233 1030 572
232 233 1522
232 229 230
230 231 232
228 1454 1172
211 1057 210
1427 1437 1058
1735 605 1529
1454 228 229
1009 220 221
219 220 1009
1675 512 513
1553 1301 1488
1235 82 83
217 218 216
1350 1043 1012
215 940 214
1229 216 218
1664 1668 1197
1229 215 216
891 892 1115
1081 73 74
940 213 214
212 1057 211
1242 426 1067
207 208 1058
294 999 293
210 1010 209
1272 679 678
806 999 807
208 209 1010
212 213 1172
1033 85 86
213 1155 1172
1282 1478 686
234 235 1122
488 489 1356
650 651 981
253 255 252
252 1059 251
1269 1208 755
1493 1230 1016
575 574 1166
654 981 653
485 484 995
47 1106 1166
243 244 455
251 894 250
835 834 1289
479 478 965
1222 972 1156
249 250 894
247 248 246
245 455 244
455 245 456
246 456 245
889 1475 1132
480 479 965
1060 455 456
456 457 1060
752 750 973
251 1059 894
1764 1398 1763
1028 44 1499
749 748 1022
241 1123 240
1022 748 1187
1122 236 237
860 1338 1049
239 1011 238
310 311 1169
1013 436 1350
238 1011 237
1123 241 242
1650 1702 1703
470 468 469
470 1342 1407
468 1012 469
468 1407 467
1343 1260 1123
467 1012 468
471 961 472
1160 472 962
961 1159 473
472 961 473
961 470 1159
1628 1651 1652
1043 475 1159
1342 1315 1407
1260 239 240
236 1122 235
1013 466 465
1068 424 425
1013 465 440
473 474 962
1698 1311 1697
349 1174 348
201 202 199
1692 1858 53
483 1488 482
199 200 201
197 198 1014
494 1219 493
202 1170 199
1186 1118 1391
1170 202 963
1224 1468 986
204 205 203
296 1294 1690
207 1058 206
963 202 203
1039 193 194
1170 194 195
941 487 1040
487 1039 1292
205 206 1058
1506 486 485
1292 486 487
203 205 963
796 1243 797
1170 195 1014
586 1366 584
724 725 1277
193 1039 192
801 1281 800
670 975 1111
1384 1762 1103
186 188 189
188 186 187
680 679 1114
838 839 1119
845 1171 844
196 197 1014
189 190 186
430 1130 1762
941 1040 191
186 190 185
1296 539 540
184 185 183
96 97 1556
183 1220 182
190 1337 185
1061 1104 910
190 191 1040
647 1086 1245
192 941 191
1659 1393 975
485 486 484
836 1119 842
479 480 964
964 480 481
478 1219 965
965 495 1161
967 179 180
473 962 472
481 1124 482
482 964 481
479 964 478
1771 494 492
1161 480 965
483 1124 1167
474 475 476
475 474 473
1103 491 968
474 476 477
495 965 1219
477 476 1384
494 493 492
494 495 1219
477 1384 1219
1161 1264 1600
1012 1043 469
964 477 478
1301 1218 964
1598 179 967
967 180 181
182 1220 181
1308 1610 1526
1255 51 52
1267 1687 1261
178 1198 177
51 1255 1112
176 1198 1266
1198 176 177
938 1121 818
1198 178 1302
721 720 1120
489 1359 490
1162 968 490
491 489 490
1043 1384 476
492 493 968
170 1359 489
1259 237 1011
173 174 172
1077 1244 1037
175 1266 174
1161 495 1264
1122 1259 1740
1359 170 171
1266 175 176
492 968 1162
1121 597 595
1356 489 491
1167 485 995
477 1218 474
1051 1846 1120
1132 248 249
277 278 1118
889 890 891
890 894 893
888 1469 887
888 891 1469
246 248 1132
890 889 1132
889 1261 1475
1561 1469 1115
891 888 889
886 1267 887
915 1199 916
890 249 894
886 887 1257
1559 858 1312
884 883 916
885 884 916
1199 911 1104
1199 915 911
911 914 912
915 914 911
916 883 915
911 912 910
883 1379 915
916 886 885
884 1492 883
886 916 1267
1295 458 462
1279 457 456
457 1279 458
461 458 459
462 463 446
463 462 461
463 461 464
460 461 459
462 458 461
464 461 460
1389 459 458
462 445 994
419 454 1061
419 1061 908
454 419 1063
969 1450 1062
463 464 447
464 1062 448
451 1125 452
969 1062 460
1125 453 452
448 1062 449
419 420 1063
1062 451 450
1104 911 910
447 464 448
910 912 909
445 943 994
847 848 846
1309 848 849
1171 1056 844
846 845 1126
913 914 1200
1379 1268 1200
623 624 625
845 624 1064
624 623 1064
847 846 1126
845 844 624
883 854 954
628 629 1015
844 1056 627
628 627 631
1015 627 628
623 625 622
625 624 844
625 1382 622
626 625 844
844 627 626
1382 625 626
1015 626 627
821 1056 822
630 629 628
621 1127 622
1403 1202 1334
1622 1200 1545
621 622 620
423 1203 1067
909 1128 908
1061 909 908
1241 421 422
1173 1543 1544
1825 420 1128
908 420 419
1323 620 618
913 1622 912
1323 615 1065
619 1201 618
616 1323 617
618 1201 617
1201 1382 1015
1323 616 615
615 614 1065
1065 614 613
614 612 613
614 1351 1520
615 616 614
618 617 1323
1706 614 616
618 620 619
622 619 620
1241 1063 420
1278 1363 629
913 912 914
848 847 1202
613 612 152
1230 442 1016
465 466 1016
445 446 1101
442 942 441
1013 438 436
1016 440 465
439 440 441
440 438 1013
441 440 1016
435 1350 436
942 1101 1328
441 1016 442
1101 443 943
446 445 462
448 449 1503
1221 1516 1503
438 439 437
438 440 439
439 1347 437
1328 1515 441
942 1328 441
438 437 436
446 463 447
943 445 1101
462 994 1295
436 437 435
432 434 433
476 475 1043
434 435 1129
432 433 431
489 169 170
488 169 489
431 430 432
488 168 169
1130 430 429
588 1034 1797
1129 431 433
1356 491 1103
429 167 1130
1129 1131 431
429 1131 428
1131 429 430
428 1131 165
168 488 1130
1112 50 51
1130 167 168
428 166 167
166 428 165
429 428 167
1160 471 472
12 13 1044
433 434 1129
435 434 1350
650 1817 649
450 1221 449
1013 467 466
1221 1638 1586
450 449 1062
1063 1241 453
1583 1584 1319
424 1066 423
424 423 1067
501 502 1035
422 421 1203
1557 153 1555
1018 1242 155
151 152 612
1066 422 423
1036 870 1045
1017 148 149
1736 1017 1352
147 1707 1708
252 1001 1059
150 1017 149
1250 28 29
963 205 1058
1678 1001 1002
1046 804 1236
146 1708 1710
151 612 150
150 612 1520
1448 386 387
1583 159 160
1319 1582 1583
1164 1692 56
1175 797 798
796 797 1175
1496 165 1131
1171 845 846
162 163 970
162 970 161
650 1084 1245
1145 1087 521
161 1585 1584
425 426 427
1067 425 424
1072 790 1206
1067 426 425
1242 1423 1424
426 1242 1018
157 427 156
157 1068 427
1110 484 1396
427 426 1018
1018 156 427
1113 872 873
1322 105 106
157 158 1068
427 1068 425
120 121 1105
1759 1378 1758
1586 1587 1497
451 452 450
1205 384 792
1401 144 145
1132 249 890
890 892 891
771 1073 770
608 609 610
1318 970 163
1417 1433 1442
1567 1417 1442
360 1133 971
1103 968 493
1673 761 1222
361 362 1133
1061 910 909
359 360 971
359 971 358
1184 984 1331
365 1462 364
587 589 1226
379 1280 378
1751 1619 1646
1128 420 908
1280 379 380
1281 357 358
380 381 1280
378 1280 1565
623 1127 1064
1327 1708 1707
971 1281 358
1168 1099 510
1374 1433 1443
875 877 1117
395 396 1223
355 356 1204
491 490 968
801 356 357
356 801 1134
1220 967 181
355 1204 354
566 496 948
351 352 1134
1204 1134 352
915 1379 914
352 353 1204
1346 1514 675
1175 798 1070
1070 798 799
797 1069 798
1070 799 800
1455 1134 799
1455 351 1134
268 925 926
1069 1174 1455
798 1069 799
766 764 928
1297 765 763
1134 800 799
1281 801 357
1229 218 1009
1175 1071 796
93 1490 92
793 1071 1803
1127 623 622
792 384 791
1205 792 793
1107 1243 795
796 1071 795
794 793 792
795 1071 794
1071 793 794
787 993 1107
792 788 794
1626 1175 1549
1206 790 791
386 1448 385
1072 770 769
791 790 789
769 787 788
1107 788 787
769 788 789
789 790 1072
788 791 789
789 1072 769
1206 385 1448
788 792 791
1111 1078 701
993 787 786
765 764 763
764 765 928
1135 762 759
1135 1297 763
547 549 932
347 1135 346
759 762 760
346 1135 758
758 1135 759
346 758 345
764 972 763
348 1174 1297
786 785 767
785 786 769
769 768 785
769 770 1073
786 787 769
1662 768 1073
762 761 760
763 972 762
764 766 972
927 785 768
765 993 928
927 1156 766
1673 977 1223
993 767 928
993 786 767
752 974 751
392 945 1662
796 795 1243
446 447 1101
880 1153 936
1305 334 335
955 734 1053
541 1285 545
1216 944 331
330 331 944
864 867 953
1595 333 1594
1273 1393 663
1320 641 639
330 944 329
691 1075 692
471 470 961
631 939 632
332 1595 331
340 341 757
339 340 757
1590 1501 1589
957 729 730
339 757 1790
610 1165 984
1124 483 482
1446 1791 1790
1434 1780 1208
675 1514 669
496 499 951
9 1636 8
457 1295 1060
327 328 326
685 1019 1457
1136 690 689
955 1042 1484
955 957 732
1484 957 955
682 1019 683
684 683 1019
1478 685 686
1457 1182 1136
1019 682 325
691 692 1074
689 687 1136
691 1262 1075
1074 690 691
687 688 1282
1136 686 685
689 688 687
689 690 1074
686 1136 687
957 1484 729
688 689 1074
944 1182 329
1262 690 1136
1282 688 1512
341 342 1449
1158 709 708
345 759 1404
269 870 926
759 345 758
756 757 1449
342 343 1449
343 1076 1449
1782 1780 1383
1208 1780 1783
344 1076 343
692 1075 1324
760 1674 759
767 766 928
753 752 973
754 755 1207
1404 1504 1076
753 973 754
1421 336 337
1209 1821 698
699 1244 1078
1020 699 698
1269 754 973
1209 696 694
974 752 753
1449 1207 756
752 751 750
700 698 699
694 695 693
697 696 1209
694 696 695
1074 693 1511
1078 1111 1021
1021 697 700
975 668 667
1021 1290 696
700 1078 1021
1290 1021 1111
697 698 700
1290 695 696
672 671 1111
696 697 1021
672 673 671
672 701 1077
1077 675 673
671 673 674
668 976 667
670 669 668
674 675 669
675 674 673
674 669 670
976 668 669
672 1077 673
670 671 674
700 699 1078
667 976 666
750 1386 1269
757 756 1446
919 547 932
668 975 670
769 1073 768
676 677 1346
1073 771 389
1448 387 771
266 1036 1684
945 1156 1662
945 393 977
394 977 393
977 395 1223
1482 1754 1753
392 390 391
512 1224 510
1156 768 1662
1448 770 1072
771 388 389
388 771 387
16 17 1660
484 486 1396
395 977 394
140 141 1225
1299 1824 1691
1639 978 1824
794 1107 795
1824 1163 1691
1450 1125 1062
893 1678 1258
549 1332 550
978 740 741
746 1022 1187
748 1691 1187
744 743 742
745 743 744
1554 1422 1804
1022 747 1231
747 746 772
747 1022 746
743 745 746
772 746 745
1023 745 744
749 750 748
772 1023 773
742 978 741
741 1138 1023
1023 772 745
777 1385 772
777 772 775
776 777 775
777 776 778
772 773 775
777 778 1137
773 774 775
741 744 742
742 1163 978
1183 778 779
740 739 1138
1231 749 1022
1457 325 326
1010 210 1377
399 736 1024
1232 1024 738
736 737 1024
737 736 735
400 1210 735
400 735 399
736 399 735
737 735 1210
685 684 1019
738 1024 737
1244 1044 1037
1461 1150 1233
404 405 1079
402 403 401
1304 403 1079
1210 401 1304
453 454 1063
1244 699 1020
405 406 1079
1304 401 403
1660 1077 1037
1059 893 894
1238 1048 863
406 407 408
1689 1364 1752
1232 739 740
1286 979 1481
1753 775 774
776 779 778
779 776 780
780 1080 779
775 1753 776
774 1138 1752
1080 781 782
737 1210 1689
773 1138 774
1688 412 979
1013 1350 1012
1111 701 672
1029 1310 1480
1304 1862 1210
411 412 1688
943 444 994
414 1481 413
1139 1481 414
1236 1003 841
240 1123 1260
783 781 1286
697 1209 698
411 1688 410
1304 408 1862
1139 415 417
1052 368 369
1232 398 1024
1099 565 1100
779 1176 1183
1176 1080 1283
1380 1760 1392
1283 784 2
762 972 761
1037 1044 15
754 1269 755
543 544 951
1137 778 1183
6 1265 5
374 375 1812
948 496 951
1080 780 781
1139 414 415
417 415 416
412 413 979
1578 1286 1481
2 3 1283
2 784 1
164 1699 163
418 1 784
783 1578 784
733 1193 320
1110 1180 484
783 784 782
782 781 783
683 1042 955
869 870 924
10 1636 9
766 767 927
1463 11 12
1660 675 1077
929 1044 13
676 1660 17
676 17 677
15 1044 929
22 1344 21
118 1098 117
1244 12 1044
929 13 14
1098 506 505
283 934 282
15 929 14
879 865 935
931 511 1099
21 1581 20
1154 823 826
21 1344 1581
1039 941 192
392 393 945
1495 18 19
1040 487 486
17 18 677
57 1025 1188
1495 1346 677
997 134 135
1589 1593 1324
62 63 980
1480 1310 1285
1339 1685 1510
64 1395 63
1164 56 1188
1483 1000 1288
980 1863 60
1012 467 1013
237 1259 1122
61 980 60
1026 64 65
1463 1820 11
1026 66 68
376 377 1564
1241 420 421
68 66 67
1026 68 69
69 70 1026
1078 1244 701
515 1144 1675
1005 1169 1607
1027 1291 71
1126 1064 1334
1026 65 66
859 860 1049
62 980 61
60 1863 1188
483 1180 1488
72 73 1027
57 1188 56
477 964 1218
1156 972 766
1235 1082 82
1849 958 1217
55 56 54
1487 1033 1856
1026 70 1291
1459 1217 958
74 75 1081
1215 524 525
75 76 77
1486 765 1297
553 1181 552
1081 1027 73
1739 79 1082
986 1168 510
1107 794 788
77 78 75
78 79 1739
1117 1510 1113
1104 1061 1125
1739 1353 1081
931 1099 1100
52 53 1255
845 1064 1126
1230 444 942
554 553 1090
1082 80 81
814 1411 1744
751 1691 750
620 1173 621
1048 1238 1339
1816 655 1083
728 727 729
1815 1802 1575
680 1083 681
678 680 681
681 1083 655
652 653 981
653 652 681
681 655 653
681 652 982
655 654 653
1083 680 1114
659 1814 1270
662 661 1270
661 1213 1336
659 660 658
656 654 655
656 657 658
1479 1145 1577
656 658 1405
657 659 658
656 655 657
656 1405 1818
657 655 1816
662 1273 663
981 654 650
1245 1272 982
678 679 680
982 652 651
678 982 1272
560 1140 561
563 1253 1141
650 649 1084
562 1430 1429
681 982 678
561 1141 560
652 981 651
1140 1184 1331
648 647 1084
1084 649 648
648 1085 645
647 648 645
646 645 1214
563 1178 564
514 1214 515
1214 565 564
646 647 645
564 565 563
648 649 1085
564 1178 646
654 1817 650
1253 565 1099
659 1270 660
609 960 1165
1659 975 667
667 666 664
664 666 665
664 1213 663
665 1408 1213
1213 664 665
1088 1246 635
1514 1705 976
1325 523 522
1145 521 520
639 1142 1320
1213 662 663
641 642 640
642 641 983
640 642 643
641 640 639
1325 522 1087
1142 638 637
1143 637 638
637 1143 636
640 1329 639
637 636 635
636 530 528
639 638 1142
1581 1316 1495
635 636 528
1177 516 1085
1177 517 516
519 1089 518
518 1144 517
514 515 513
1214 514 565
1144 515 516
516 517 1144
515 1214 516
931 1100 513
519 520 1089
645 1085 516
521 522 520
520 519 1145
1325 1502 1700
522 523 1089
1246 1088 527
523 524 1089
525 526 1215
525 524 523
1215 1834 524
637 1246 1142
527 526 1700
1675 1224 512
526 1464 1215
520 522 1089
517 1177 518
113 946 112
529 531 1369
1213 661 662
662 1270 1273
931 513 512
610 984 611
555 984 556
1184 557 556
1756 554 1090
555 556 554
611 984 555
549 547 1185
554 556 557
1090 550 1332
1756 1090 1332
554 557 553
547 546 1185
1140 559 558
1140 562 561
1253 1099 1181
1181 558 559
552 551 1090
552 1090 553
551 550 1090
121 122 1354
553 557 1181
549 550 548
548 550 1317
1181 557 558
1140 560 559
550 551 1317
1146 127 128
546 127 1146
373 374 937
921 126 933
1091 130 1326
1326 130 131
145 1710 1401
925 269 926
16 1037 15
1460 132 133
921 933 546
1727 129 1091
125 919 932
548 932 549
1032 35 36
918 126 917
1155 224 225
143 1841 1728
141 142 1225
134 997 133
691 690 1262
1257 885 886
124 125 548
548 125 932
1185 546 1146
1140 1331 562
1181 1116 552
608 610 611
511 512 510
1100 565 514
510 1224 986
1168 986 996
508 509 985
508 996 509
506 1098 1092
506 507 1093
985 1093 507
1105 985 507
506 1093 505
551 552 1116
503 505 504
1248 504 505
1093 1248 505
1147 115 503
1098 503 930
930 116 117
809 1055 1000
115 116 503
504 1147 503
1229 223 224
155 156 1018
1098 505 503
114 1358 1634
930 503 116
284 285 949
1317 124 548
1159 470 469
1225 1460 997
1406 1339 1238
140 987 139
139 987 138
987 997 137
987 137 138
1617 1272 1439
460 459 969
1194 723 1192
742 743 1163
508 985 1105
1002 1001 258
1092 120 1105
1092 507 506
1297 1174 1243
997 135 136
136 137 997
1288 832 1003
986 509 996
1824 978 1163
218 219 1009
1681 1684 1682
1317 123 124
123 1317 1354
1662 389 390
1499 45 1321
560 1253 559
512 511 931
1763 242 243
1329 643 1148
1211 1802 727
942 443 1101
444 443 942
644 1149 1451
642 983 1149
24 25 1148
24 644 23
1100 514 513
880 879 935
823 1154 938
24 1148 644
1147 1358 1742
1149 643 642
208 1010 1058
360 361 1133
46 988 1321
42 43 1028
37 39 41
41 39 40
43 44 1028
1180 966 995
952 859 1102
1150 42 1028
1030 574 573
439 441 1515
72 1027 71
546 547 921
289 898 922
1148 25 26
870 871 1045
1329 1531 1532
546 933 127
898 289 923
1029 31 32
1029 32 33
767 785 927
918 917 919
919 125 920
1378 27 1758
1150 36 37
572 1030 573
572 573 1031
1150 37 41
33 34 35
917 547 919
36 1150 1461
126 921 917
921 547 917
31 1029 30
1461 571 1032
919 920 918
38 39 37
35 1032 1310
988 1166 1321
636 1143 530
580 47 48
383 1632 1631
634 48 49
580 48 634
580 581 1094
580 634 581
582 583 581
582 634 1151
634 582 581
581 583 1094
49 1151 634
47 580 579
50 1112 1661
941 1039 487
1082 81 82
1235 83 84
1092 1098 118
1661 1034 585
117 1098 930
84 1033 1235
56 1692 54
1166 989 575
892 893 1258
583 582 1151
988 47 1166
1034 1861 1797
580 1094 579
577 989 1106
1094 578 579
1094 1307 578
574 575 576
1166 1499 1321
573 1234 1031
576 575 989
577 576 989
574 576 573
1226 1306 1366
577 1106 578
585 586 584
586 585 1034
588 590 589
1151 49 1661
587 1034 588
1034 587 586
89 991 1226
587 588 589
1504 1404 1335
88 589 590
590 1797 1796
89 1226 589
1796 86 87
1366 586 1226
1661 584 1151
570 571 1031
47 579 1106
1030 1499 574
1042 683 684
590 87 88
1759 1758 1096
1329 1532 1143
1759 534 532
1532 531 530
534 1525 533
531 529 530
1308 534 1249
533 531 532
532 534 533
535 1249 534
1095 1249 536
529 528 530
1096 1758 1250
898 899 922
30 1029 29
1480 1096 1250
537 539 1095
535 1096 536
541 540 1285
539 537 538
539 538 540
536 1249 535
1285 950 545
536 1096 537
28 1250 1758
537 1095 536
692 693 1074
110 1152 1643
108 990 107
1348 665 1705
1117 873 874
946 113 114
803 1237 1047
111 1152 110
1610 1611 1643
458 1295 457
840 1046 839
946 1298 112
947 1041 542
542 540 541
544 947 541
538 1285 540
545 544 541
947 544 543
1245 982 651
1322 106 990
502 103 1035
501 1035 1041
947 543 501
500 501 543
948 951 545
107 990 106
1296 542 1041
122 123 1354
951 544 545
1298 1152 111
569 571 570
948 950 566
1031 571 572
570 1251 569
496 566 567
566 950 567
568 1097 567
1097 568 1251
568 567 950
1388 1425 1251
1234 577 1307
1491 568 950
754 1207 753
1226 991 1490
635 528 1088
90 91 991
460 1062 464
94 1490 93
722 1677 1256
92 991 91
1226 586 587
481 480 1161
511 510 1099
89 90 991
571 569 1032
1324 693 692
499 500 951
951 500 543
499 496 497
500 499 502
1035 103 104
105 1035 104
455 1060 1764
102 103 502
102 502 101
522 521 1087
502 499 101
502 501 500
497 498 499
497 567 1097
1527 528 529
570 1388 1251
496 567 497
498 1097 1252
1592 1594 1305
498 992 101
292 293 1271
1252 992 498
1097 498 497
1061 454 1125
454 453 1125
498 101 499
1234 1388 1031
992 1252 99
1511 695 1290
545 950 948
88 89 589
568 569 1251
1507 1302 1598
1149 644 643
18 1495 677
444 1230 1580
1062 1125 451
727 726 729
912 1622 909
1740 1522 1122
1356 1762 1130
431 1131 430
1131 1129 1496
889 888 1261
1132 1475 246
362 363 1442
1433 1374 1133
800 1134 801
1455 799 1069
1135 347 1297
762 1135 763
1182 1457 326
328 1182 326
1422 1806 1808
1231 747 1385
1023 1138 773
1752 739 738
417 418 1139
418 784 1578
1184 558 557
558 1184 1140
1141 1429 1178
561 562 1141
635 1246 637
1320 983 641
638 639 1329
643 644 1148
518 1089 1144
1834 1570 1676
1177 519 518
654 1818 1817
1091 1721 1727
1370 1757 611
1248 1572 504
1742 1358 114
1531 1329 1148
1329 1143 638
1344 1149 983
23 1451 22
42 1150 41
1233 1028 1030
50 1661 49
584 583 1151
111 112 1298
531 533 1525
935 1186 880
279 280 1263
1671 827 1698
1670 1121 938
227 1172 226
213 940 1155
768 1156 927
1156 945 1222
597 1666 598
1668 1669 1197
1663 708 706
601 1158 603
1043 1159 469
475 473 1159
1218 962 474
229 232 1522
1264 495 494
481 1161 1124
174 1266 1768
492 1162 1771
746 1187 743
1691 974 1299
1395 1426 1863
1739 1521 1353
1375 1530 1109
1375 1109 1008
46 1321 45
1106 989 1166
1337 1507 1220
485 1167 1506
996 508 1189
1168 1354 1456
1416 1547 1373
1748 1743 1745
1170 198 199
1437 1784 963
1542 848 1309
1540 1309 1400
212 1172 1057
226 1172 1155
1621 1828 1825
1202 1403 1200
350 1455 349
797 1243 1069
1549 800 1281
971 1133 1374
5 1265 4
779 1080 1176
1577 1177 1085
519 1177 1145
1141 1178 563
646 1178 1086
1722 1723 1724
617 1399 1706
1488 1110 1553
483 966 1180
1253 1181 559
1456 1099 1168
329 1182 328
1216 1390 1534
1176 4 1265
1183 1176 1760
556 984 1184
1331 984 1165
1414 1330 1370
549 1185 1332
878 876 1186
1118 1186 876
748 750 1691
1187 1163 743
1025 59 1188
60 1188 59
508 1105 1189
1105 121 1354
881 1153 1190
1263 1470 1153
1609 308 1005
1458 1108 300
721 1120 1845
318 319 1373
1415 1373 319
319 320 1193
1420 1349 1415
726 1381 956
959 1452 1158
817 1664 1197
605 606 1529
1735 1844 1734
1664 817 1195
1665 1672 1668
1598 178 179
1409 1359 171
1687 1104 1450
916 1199 1267
849 1202 850
1202 847 1334
1015 629 1363
150 1520 1017
847 1126 1334
1268 1202 1200
1825 421 420
1621 1825 1826
1134 1204 356
353 354 1204
1071 1175 1626
384 1205 1632
791 384 1206
384 385 1206
756 1207 755
1404 1076 344
1434 1208 1386
1775 335 336
694 693 1324
1819 1579 1636
401 1210 400
410 1688 409
727 728 1211
728 729 1293
1083 1613 1815
1282 686 687
1408 1336 1213
1336 660 661
646 1214 564
516 1214 645
1247 1464 527
1093 1468 1248
1594 334 1305
1305 1777 1592
715 1847 714
1228 1008 705
1488 964 482
962 1218 1864
477 1219 478
1103 493 1219
183 185 1337
1220 183 1337
1638 450 452
1605 1519 1129
1673 945 977
761 972 1222
1823 1597 1299
1505 1299 974
1834 1089 524
1468 509 986
1728 1842 143
997 987 1225
1490 991 92
95 1306 1490
1289 1508 1004
860 1227 1338
1750 1847 1848
1362 1848 719
223 1229 1009
1155 1229 224
1493 1016 466
1494 1230 1493
1386 1231 1804
1269 1386 1208
978 1232 740
398 1232 1639
572 571 1461
1150 1028 1233
577 578 1307
1307 1412 1773
1857 1487 1856
1778 1027 1353
804 805 1236
1236 805 1483
906 1237 803
1271 998 292
952 1102 1238
1431 1372 1685
1038 374 1812
1462 1562 364
1672 1665 1240
1666 1665 1157
422 1066 1241
1066 1497 1241
1067 1423 1242
1065 1435 1323
1486 1107 993
1174 1069 1243
1244 1077 701
1820 1463 1020
647 1245 1084
1439 1245 1086
525 1700 526
1700 523 1325
527 1088 1247
528 1527 1088
1466 1570 1215
1464 1612 1466
1249 1755 1308
1308 1525 534
1029 1250 29
1480 537 1096
570 1031 1388
1251 1425 1252
1251 1252 1097
98 99 1252
1141 1253 560
565 1253 563
1376 1254 1108
1361 1745 1746
1692 53 54
1857 1861 1858
1647 1618 1619
722 1256 1749
1431 1440 1561
1406 1440 1431
1678 893 1059
1372 1680 1679
1011 239 1260
1552 1650 1160
1765 1343 1123
1011 1260 1701
887 1261 888
459 1389 969
1182 1533 1136
1216 1534 944
280 904 1263
905 1470 904
1409 1772 1359
1772 1162 1359
1392 1265 6
1176 1265 1760
1867 1302 1770
174 1768 172
1687 1199 1104
1261 887 1267
851 1268 852
1202 1268 850
973 750 1269
1386 750 749
660 1270 661
1270 1212 1273
999 1271 293
1047 1271 806
1178 1429 1086
960 1530 1165
1574 1485 1477
1511 688 1074
274 1274 273
874 871 1274
846 848 1542
834 1275 1289
1276 851 1509
1004 835 1289
1114 1613 1083
1394 1644 1537
1471 592 593
1838 1471 1473
246 1279 456
1279 1475 1389
382 1476 381
1443 1357 1374
971 1374 1550
1549 1070 800
1573 1273 1212
1211 728 1485
1283 3 1176
782 784 1283
1336 658 660
1087 1145 1479
1480 1285 538
1029 33 1310
780 1754 781
780 776 1753
1482 979 1286
737 1689 738
1483 1288 1003
1696 1000 1055
1276 1400 1309
1338 1227 1508
1393 1535 975
1290 1340 1511
1353 1027 1081
1395 980 63
194 1784 1039
1438 1419 1110
1478 1042 684
1512 1799 1859
296 297 1603
812 1341 813
994 1580 1295
1060 1295 1764
1322 1296 1041
990 1642 1413
1297 347 348
1486 1297 1243
1571 1569 1634
1527 1528 1247
974 1504 1505
397 1597 1823
1395 1291 1426
1033 1487 1235
1377 1419 1438
1301 1551 1864
1598 1220 1507
1507 1600 1302
1015 1363 1428
1725 1730 1787
1079 408 1304
1862 408 409
1850 1775 1421
1324 1593 694
1306 1773 1412
1366 583 584
1412 1094 1366
1773 95 96
1413 1755 1095
1635 1528 1526
1509 1508 1798
1006 1539 1538
35 1310 33
1491 1310 1032
1696 1288 1000
1696 1697 1311
885 1312 1492
1560 885 1257
1445 1313 713
1411 814 813
1314 1734 1732
594 1314 1843
1342 470 471
1763 1398 1765
1320 1498 983
676 1346 675
551 1116 1317
1317 1116 1354
165 1699 164
1347 1519 1605
452 453 1587
1497 1066 1582
1246 1700 1502
1705 665 666
1166 574 1499
1322 990 1413
1322 1041 1035
153 154 1555
1173 620 1500
1590 1589 1075
1324 1075 1589
1479 1623 1087
1142 1502 1320
132 1460 1794
1841 1723 1728
147 148 1736
1839 1472 1729
1503 447 448
1347 1515 1516
643 1329 640
26 1378 1531
1146 1840 1432
607 608 1757
1530 1410 1165
562 1331 1430
1432 1185 1146
1330 1371 1757
1785 1432 1444
1333 1788 1844
1334 1544 1543
1543 1403 1334
760 761 1673
753 1504 974
1408 665 1348
1336 1408 1865
1040 1506 1337
1599 1600 1507
1004 1508 1227
853 854 1601
1406 1238 1102
1115 1258 1680
1290 1111 1535
1799 1573 1859
811 1341 812
1603 1602 1294
1703 471 1160
1259 1011 1701
1315 1342 1343
1702 1701 1343
1344 22 1451
1588 983 1498
1588 1316 1344
1658 1502 1625
1316 1345 1346
1346 1345 1514
1347 1516 1518
1518 1519 1347
1316 1657 1345
1479 1865 1623
1830 1349 1420
1416 1050 1547
434 432 1350
1350 432 1761
1706 1351 614
1713 1737 1738
1737 1017 1351
1836 1837 1838
1521 1082 1235
1164 1693 1692
1354 1116 1456
1105 1354 1189
1160 1864 1552
1454 1651 1172
1384 1761 1762
488 1356 1130
1631 1632 1633
1549 1550 1418
1466 1215 1464
1569 1298 946
171 1767 1409
1359 1162 490
1008 1832 1375
1429 1439 1086
1458 1641 1108
1313 1743 1051
1537 1256 1394
1750 1849 1847
1471 1278 592
1399 1428 1837
1364 774 1752
1287 1688 1482
1627 1649 1628
1553 1551 1301
1412 1366 1306
1094 583 1366
1436 98 1425
1234 1307 1524
1296 1413 1095
1642 990 1655
1526 1369 1308
1527 1247 1088
1756 555 554
1370 1756 1414
1789 1371 1330
1333 1529 1371
1678 1679 1680
1372 1682 1685
1415 319 1193
1373 1349 1416
1133 1442 1433
1374 1357 1418
1832 1008 1228
1360 1410 1530
1609 1005 1607
1513 1604 1746
1057 1377 210
1419 1377 1365
531 1532 532
26 27 1378
883 954 1379
1268 1379 954
1380 1807 1806
1137 1183 1380
725 1194 1381
1381 1194 1420
1382 619 622
1015 1382 626
1554 1804 1231
1383 1780 1781
1043 1350 1761
1103 1219 1384
772 1385 747
1805 777 1137
749 1231 1386
1554 1231 1385
1067 1828 1423
1435 1558 1500
1524 1388 1234
1425 98 1252
1279 1389 458
1389 1261 1687
1075 1262 1390
1533 1390 1262
1186 1391 1153
279 1391 278
6 7 1392
1380 1392 7
1799 1393 1273
1535 1340 1290
1394 1277 1614
1614 1536 1644
1026 1291 1395
1291 1778 1426
1427 1396 1292
1427 1438 1396
1054 1397 810
1341 1397 1294
994 444 1580
1494 1343 1765
1428 1399 1201
1399 1303 1706
1289 1275 1766
1538 1275 1006
1711 1717 1327
1724 1723 1401
1165 1410 1331
1656 1617 1645
1544 1334 1064
1545 1403 1620
345 1404 344
1674 1404 759
1817 1818 1284
658 1336 1405
1559 1102 858
1339 1406 1431
1315 1493 1407
470 1407 468
1408 1348 1624
1865 1405 1336
1867 1266 1198
1769 1264 1771
1645 1410 1360
1430 1410 1402
1341 1602 1800
1745 1743 1744
1773 1306 95
1094 1412 1307
1413 1296 1322
1413 1368 1755
1432 1332 1185
1432 1414 1332
1381 1415 956
1349 1373 1415
1831 1523 1608
1453 1416 1169
1568 1567 1239
381 1476 1280
1548 1418 1357
1175 1070 1549
1419 1365 1551
1110 1396 1438
1194 1192 1420
1640 1831 1829
337 338 1791
1421 1383 1850
1554 1805 1806
1807 1808 1806
1828 1067 1203
1423 1387 1558
1500 1558 1173
1435 1065 1557
1388 1367 1425
1556 1425 1367
1694 1693 1426
1426 1693 1863
1437 1427 1292
1010 1427 1058
1015 1428 1201
1428 1363 1837
562 1429 1141
1429 1402 1439
1410 1430 1331
1429 1430 1402
1559 1406 1102
1372 1431 1561
1721 1714 1720
1414 1432 1785
1133 362 1442
1433 1417 1443
1781 1854 1779
1434 1781 1780
1065 613 1557
1558 1435 1424
1292 1039 1784
1556 1436 1425
1058 1437 963
1427 1010 1438
1377 1438 1010
1617 1439 1402
1439 1272 1245
1560 1440 1559
1440 1560 1561
1717 1711 1715
1707 1711 1327
1562 363 364
1442 1562 1567
1653 1629 1630
1563 1443 1629
129 1727 128
1786 1785 1444
1313 1445 814
712 1445 713
755 1783 756
1421 1792 1782
1564 377 1565
1566 1567 1447
770 1448 771
1206 1448 1072
1449 757 341
1207 1449 1076
1687 1450 969
1104 1125 1450
644 1451 23
1344 1451 1149
1664 1452 1157
1195 1158 1452
314 1453 312
1416 1453 1050
229 1793 1454
1741 1652 1355
349 1455 1174
351 1455 350
1116 1181 1456
1099 1456 1181
685 1457 1136
1457 1019 325
305 1458 302
1458 1191 1641
1459 707 708
713 1459 712
1225 142 1842
131 1794 1326
36 1461 1032
572 1461 1233
368 1462 367
1462 1239 1562
12 1244 1463
1020 1463 1244
527 1464 526
1464 1247 1612
1528 1527 1369
1570 1467 1248
1467 1466 1465
1466 1467 1570
1465 1571 1467
1572 1358 1147
509 1468 1093
1813 1468 1224
1115 1469 891
887 1469 1257
1153 1470 1190
904 1470 1263
1473 1471 1179
1363 1278 1471
1474 1472 1473
1711 1709 1715
1474 1473 1179
1473 1472 1838
1843 1732 1733
1726 1725 1716
1389 1475 1261
246 1475 1279
1563 1476 382
1630 1417 1566
1573 1574 1477
1477 1485 1576
1282 1859 1576
1484 1478 1293
1145 1177 1577
1546 1865 1624
537 1480 538
1480 1250 1029
1481 979 413
1139 418 1578
1482 1286 1754
1364 1287 1482
1236 1483 1003
1483 805 807
1478 1484 1042
729 1484 1293
728 1293 1485
1485 1293 1576
1107 1486 1243
765 1486 993
1796 1033 86
1695 1300 1693
1110 1488 1180
964 1488 1301
1821 1591 1822
1775 1776 335
95 1490 94
1226 1490 1306
569 1491 1032
1285 1491 950
885 1492 884
857 1492 1312
1493 466 467
1494 1493 1315
1343 1494 1315
1295 1580 1398
20 1495 19
1346 1495 1316
1519 1496 1129
1496 1318 1699
1066 424 1582
1586 1497 1319
1648 1658 1625
1316 1498 1657
1028 1499 1030
45 1499 44
620 1323 1500
1435 1500 1323
1305 1776 1777
1593 1501 1853
1246 1502 1142
1625 1087 1623
1221 1503 449
1328 447 1503
1504 1207 1076
1504 1335 1505
1673 1505 1335
1223 1596 1505
1506 1040 486
1599 1167 1124
1337 1506 1507
1599 1507 1506
1289 1400 1508
1798 1508 1400
1601 851 853
1508 1509 1338
1117 877 1510
1048 1510 877
1511 693 695
688 1511 1340
688 1340 1512
1393 1799 1340
1376 1604 1254
813 1800 1411
1514 1345 1705
1514 976 669
1516 1515 1328
439 1515 1347
1503 1516 1328
1221 1517 1518
1221 1586 1637
1318 1801 970
1221 1518 1516
1518 1801 1519
1801 1518 1517
1496 1519 1318
614 1520 612
1017 1520 1351
1487 1695 1235
1695 1693 1694
1122 1522 233
1522 1355 1793
1607 1169 1608
1845 1640 1830
1773 1524 1307
1388 1524 1367
1308 1369 1525
531 1525 1369
1308 1755 1610
1635 1152 1298
529 1369 1527
1528 1369 1526
1528 1635 1569
1612 1465 1466
1333 1735 1529
606 1371 1529
1109 1530 960
1530 1375 1360
26 1531 1148
1532 1531 1378
1532 1378 1759
1532 530 1143
1136 1533 1262
1534 1182 944
1390 1533 1534
1182 1534 1533
975 1535 1111
1340 1535 1393
1802 1536 1614
1211 1574 1575
1114 1616 1618
1618 1647 1537
1006 824 1539
1400 1538 1540
1541 822 1056
846 1542 1171
1538 1539 1540
1541 1540 1539
1541 1539 822
1542 1541 1171
1309 1540 1542
1542 1540 1541
1828 1827 1387
1826 1545 1620
1064 1127 1544
1173 1544 1127
1128 909 1622
1200 1403 1545
1657 1348 1705
1325 1625 1502
317 1547 1050
1373 1547 318
1563 1633 1357
1548 1205 1803
1550 1549 1281
1549 1418 1626
971 1550 1281
1374 1418 1550
1552 1551 1365
1864 1160 962
1649 1552 1365
1649 1650 1552
1110 1419 1553
1551 1553 1419
1385 1805 1554
1806 1137 1380
1242 1555 154
1555 1424 1557
96 1556 1367
1436 1556 97
1557 152 153
1424 1435 1557
1423 1558 1424
1558 1387 1173
1560 1559 1312
1406 1559 1440
885 1560 1312
1561 1560 1257
1469 1561 1257
1561 1115 1372
1562 1239 1567
363 1562 1442
1563 382 1631
1357 1443 1563
377 378 1565
1447 1568 1812
1653 1476 1629
1447 1564 1565
1447 1565 1566
1565 1280 1653
1052 1568 1239
1417 1567 1566
1812 1568 1038
1447 1567 1568
1634 1569 946
1569 1465 1612
1248 1813 1570
1224 1675 1676
1569 1571 1465
1572 1571 1358
1248 1467 1572
1572 1467 1571
1574 1573 1212
1573 1477 1859
1212 1814 1574
1574 1211 1485
1270 1814 1212
1816 1814 659
1293 1478 1576
1282 1576 1478
1085 649 1817
1284 1479 1577
1286 1578 783
1139 1578 1481
11 1820 10
1809 1810 1860
1230 1494 1580
1398 1580 1494
1316 1581 1344
20 1581 1495
1583 1582 1068
1319 1497 1582
158 1583 1068
1583 160 1584
160 161 1584
1585 161 970
970 1517 1585
1637 1585 1517
1637 1586 1319
1221 450 1638
453 1241 1587
1497 1587 1241
983 1588 1344
1498 1316 1588
1590 1075 1390
1777 1853 1501
1390 1216 1590
1216 1594 1592
1822 1489 1579
1593 1209 694
1501 1590 1592
1216 1592 1590
1501 1593 1589
1209 1593 1591
1595 1594 1216
334 1594 333
331 1595 1216
333 1595 332
1823 1223 396
1299 1505 1596
397 398 1639
1596 1823 1299
1598 1302 178
1220 1598 967
1167 1599 1506
1599 1124 1600
1161 1600 1124
1770 1264 1769
1338 1601 856
851 1601 1509
1294 296 1603
1602 1513 1800
1603 297 298
1513 1602 1603
1746 1376 1361
1603 1604 1513
435 1605 1129
1347 1605 437
1654 1108 1641
1747 1606 1523
1608 1169 1416
1609 1523 1606
1829 1416 1349
1523 1607 1608
1523 1609 1607
1606 1376 1654
1611 1610 1368
1152 1526 1610
1642 1611 1368
109 110 1643
1247 1528 1612
1569 1612 1528
1644 1114 1537
1815 1613 1536
1802 1614 1277
1644 1536 1613
1616 1114 679
1646 1619 1615
1272 1616 679
1618 1616 1615
1402 1410 1645
1615 1616 1617
1619 1618 1615
1114 1618 1537
1615 1656 1646
1619 1362 1647
1403 1543 1620
1543 1621 1620
1827 1621 1543
1828 1387 1423
1200 1622 913
1128 1622 1545
1865 1479 1284
1625 1623 1546
1648 1624 1348
1865 1546 1623
1087 1625 1325
1648 1625 1546
1418 1548 1626
1626 1548 1803
1377 1628 1365
1355 1740 1741
1377 1057 1628
1651 1628 1057
1443 1417 1630
1476 1563 1629
1653 1280 1476
1443 1630 1629
382 383 1631
384 1632 383
1205 1548 1632
1633 1548 1357
1631 1633 1563
1632 1548 1633
114 1634 946
1571 1634 1358
1152 1635 1526
1298 1569 1635
1819 1636 10
1809 1636 1579
1585 1637 1319
1221 1637 1517
452 1587 1638
1586 1638 1587
978 1639 1232
1597 397 1639
1420 1192 1830
1846 1051 1743
1191 1609 1641
1654 1609 1606
1413 1642 1368
1655 990 108
1610 1643 1152
109 1643 1611
1614 1644 1394
1114 1644 1613
1360 1646 1656
1402 1645 1617
1832 1360 1375
1228 958 1849
1749 1647 1362
1537 1647 1256
1648 1546 1624
1658 1648 1498
1628 1649 1365
1650 1649 1627
1650 1741 1704
1701 1702 1704
1172 1651 1057
1652 1651 1454
1652 1454 1793
1627 1628 1652
1630 1566 1653
1565 1653 1566
1108 1654 1376
1609 1654 1641
108 109 1655
1611 1655 109
1617 1656 1615
1360 1656 1645
1498 1648 1657
1348 1657 1648
1498 1320 1658
1502 1658 1320
664 663 1659
1393 1659 663
16 1660 1037
675 1660 676
1661 1112 1861
584 1661 585
389 1662 1073
392 1662 390
705 1663 706
603 1663 1007
1452 1664 1195
1665 1664 1157
1157 598 1666
1672 1697 1667
597 1670 1666
1670 1671 1666
810 1833 1055
1669 811 812
1665 1668 1664
1669 1668 1667
1669 1667 1833
1197 1669 812
1121 1670 597
1671 1670 1154
827 1671 1154
1671 1240 1665
1697 1672 1240
1668 1672 1667
1505 1673 1223
1335 1674 1673
1674 1335 1404
760 1673 1674
515 1675 513
1676 1675 1144
1834 1144 1089
1676 1570 1813
723 724 1677
1394 1677 724
1001 1678 1059
1678 1002 1679
1681 1679 1002
1686 1685 1682
1115 1680 1372
1678 1680 1258
1681 1002 1683
1684 1681 265
1681 1682 1679
1045 1686 1036
259 1683 1002
264 1683 261
266 1684 265
1684 1036 1686
1510 1685 1113
1685 1339 1431
1685 1686 1113
1684 1686 1682
1687 969 1389
1199 1687 1267
1482 1688 979
1688 1287 1862
1862 1689 1210
1364 1689 1287
294 1690 1054
296 1690 295
1187 1691 1163
974 1691 751
1164 1863 1693
1692 1300 1858
1778 1694 1426
1300 1692 1693
1353 1521 1694
1695 1694 1521
1235 1695 1521
1300 1695 1487
1697 1696 1055
1288 1696 1311
1697 1055 1833
1697 1240 1698
1698 1240 1671
1698 828 829
1496 1699 165
163 1699 1318
1700 1246 527
523 1700 525
1260 1343 1701
1343 1342 1702
1342 471 1703
1704 1702 1650
1650 1703 1160
1342 1703 1702
1741 1650 1627
1259 1701 1704
1705 666 976
1657 1705 1345
1706 616 617
1738 1706 1303
1736 1707 147
1712 1866 1711
1327 1401 1710
147 1708 146
1352 1713 1866
1725 1441 1716
146 1710 145
1327 1710 1708
1712 1711 1707
1716 1714 1715
1017 1737 1352
1707 1352 1712
1713 1836 1835
1866 1713 1835
1714 1716 1720
1718 1717 1714
1716 1715 1709
1715 1714 1717
1716 1709 1726
1716 1441 1720
1714 1721 1718
1327 1717 1724
1722 1718 1091
1327 1724 1401
1719 1726 1835
1474 1729 1472
1731 1441 1444
1721 1091 1718
1731 1720 1441
1432 1840 1444
1091 1326 1722
1722 1326 1723
1723 1326 1728
1401 1723 1841
1717 1718 1724
1724 1718 1722
1719 1729 1725
1725 1729 1730
1835 1726 1709
1725 1726 1719
1731 1727 1721
128 1727 1840
1794 1728 1326
1842 1728 1460
1729 1719 1839
1730 1729 1474
1733 1730 1474
1786 1788 1789
1731 1721 1720
1840 1731 1444
1733 1179 1843
602 1734 1314
1179 1733 1474
1844 1733 1732
603 1734 602
1735 1734 1196
1735 1196 605
1735 1333 1844
1017 1736 148
1707 1736 1352
1738 1737 1351
1713 1352 1737
1706 1738 1351
1738 1303 1836
1739 1081 78
1521 1739 1082
1741 1740 1259
1522 1740 1355
1704 1741 1259
1741 1627 1652
114 115 1742
1147 1742 115
1744 1743 1313
1606 1747 1748
814 1744 1313
1745 1744 1411
1800 1746 1411
1748 1745 1361
1746 1604 1376
1411 1746 1745
1747 1523 1831
1748 1846 1743
1606 1748 1361
1748 1747 1846
722 1749 720
1647 1749 1256
1751 1362 1619
1751 1832 1750
1832 1751 1646
1751 1750 1848
739 1752 1138
1689 1752 738
774 1364 1753
1753 1364 1482
781 1754 1286
780 1753 1754
1755 1249 1095
1610 1755 1368
1414 1756 1332
555 1756 1370
1330 1757 1370
607 1757 1371
28 1758 27
1759 1096 535
534 1759 535
1532 1759 532
1392 1760 1265
1380 1183 1760
1762 1761 432
1043 1761 1384
1762 432 430
1103 1762 1356
242 1763 1123
1764 1763 243
1764 243 455
1398 1764 1295
1763 1765 1123
1494 1765 1398
1538 1766 1275
1400 1289 1766
171 172 1767
1768 1767 172
1867 1768 1266
1767 1768 1409
1769 1867 1770
1600 1770 1302
1264 1770 1600
1867 1769 1409
494 1771 1264
1772 1771 1162
1409 1769 1772
1772 1769 1771
96 1367 1773
1773 1367 1524
1851 1779 1811
1501 1592 1777
1421 1775 336
1776 1775 1774
1776 1774 1777
335 1776 1305
1774 1851 1852
1853 1777 1489
1027 1778 1291
1694 1778 1353
1860 1422 1808
1860 1811 1779
1782 1383 1421
1855 1782 1792
1854 1781 1434
1383 1781 1779
1792 337 1791
1855 756 1783
1208 1783 755
1855 1780 1782
963 1784 1170
1292 1784 1437
1786 1444 1441
1786 1789 1785
1787 1441 1725
1787 1730 1788
1730 1844 1788
1441 1787 1786
1333 1371 1789
1786 1787 1788
1785 1789 1330
1333 1789 1788
339 1790 338
757 1446 1790
1790 1791 338
1446 1855 1792
337 1792 1421
1446 1792 1791
1522 1793 229
1652 1793 1355
132 1794 131
1728 1794 1460
1797 590 588
1487 1857 1300
590 1796 87
1796 1795 1856
1034 1661 1861
1796 1797 1795
1400 1276 1798
1509 1798 1276
1799 1273 1573
1340 1799 1512
1800 813 1341
1746 1800 1513
970 1801 1517
1318 1519 1801
727 1802 1277
1575 1802 1211
793 1803 1205
1626 1803 1071
1854 1804 1422
1386 1804 1434
777 1805 1385
1806 1805 1137
1380 7 1807
1422 1554 1806
7 8 1807
1636 1809 8
1807 1809 1808
1579 1810 1809
8 1809 1807
1810 1579 1489
1811 1810 1489
1810 1811 1860
1852 1489 1777
1774 1850 1851
376 1812 375
1447 1812 1564
1468 1813 1248
1676 1813 1224
1816 659 657
1574 1814 1575
1802 1815 1536
1575 1814 1816
1083 1815 1816
1575 1816 1815
1284 1577 1817
1817 1577 1085
656 1818 654
1284 1818 1405
1819 1820 1821
1822 1819 1821
1821 1820 1020
10 1820 1819
698 1821 1020
1591 1821 1209
1822 1591 1853
1579 1819 1822
1223 1823 1596
397 1823 396
1299 1597 1824
1824 1597 1639
1825 1203 421
1826 1825 1128
1545 1826 1128
1620 1621 1826
1543 1173 1827
1387 1827 1173
1825 1828 1203
1828 1621 1827
1416 1829 1608
1349 1640 1829
1845 1830 1192
1349 1830 1640
1829 1831 1608
1831 1640 1845
1832 1228 1849
1360 1832 1646
1669 1833 811
1697 1833 1667
1570 1834 1215
1144 1834 1676
1866 1835 1709
1738 1836 1713
1399 1837 1303
1839 1836 1472
1838 1837 1363
1303 1837 1836
1838 1363 1471
1836 1838 1472
1719 1835 1839
1836 1839 1835
128 1840 1146
1731 1840 1727
143 144 1841
1841 144 1401
1225 1842 1460
143 1842 142
594 1843 1179
1314 1732 1843
1733 1844 1730
1844 1732 1734
1192 721 1845
1831 1845 1747
1747 1845 1846
1120 1846 1845
714 1847 1217
1848 1847 715
719 1848 715
1751 1848 1362
1847 1849 1217
1832 1849 1750
1851 1850 1383
1775 1850 1774
1779 1851 1383
1851 1811 1852
1489 1852 1811
1774 1852 1777
1822 1853 1489
1853 1591 1593
1804 1854 1434
1860 1854 1422
756 1855 1446
1780 1855 1783
1796 1856 1033
1857 1856 1795
1861 1795 1797
1858 1112 1255
53 1858 1255
1300 1857 1858
1576 1859 1477
1512 1859 1282
1860 1779 1854
1809 1860 1808
1858 1861 1112
1795 1861 1857
1688 1862 409
1862 1287 1689
1188 1863 1164
1395 1863 980
1301 1864 1218
1552 1864 1551
1405 1865 1284
1624 1865 1408
1711 1866 1709
1352 1866 1712
1867 1409 1768
1302 1867 1198
1952 1953 2349
2063 2303 2072
2027 2463 2025
2023 2024 2408
2539 2034 2035
2251 2387 2250
2028 2381 2027
2026 2027 2025
2233 2377 2294
2027 2381 2463
2359 1996 1997
2270 2269 2497
2020 2321 2019
2085 2281 2078
2303 2324 2331
2146 2311 2396
2023 2382 2022
2021 2321 2020
2397 2287 2093
2018 2019 2321
2023 2408 2382
2476 2201 2371
2464 2021 2382
2130 2276 2376
2033 2398 2032
2031 2474 2030
2398 2031 2032
2291 2320 2415
2521 2211 2364
2322 2033 2034
2353 2197 2196
2033 2322 2398
2467 2082 2381
2381 2082 2463
2457 2436 2323
2083 2408 2463
2060 2059 2061
2060 2436 2458
2062 2061 2399
2062 2323 2061
2328 2059 2058
2394 2284 2282
2436 2060 2323
2063 2323 2062
2539 2036 2492
2121 2122 2329
2197 2353 2346
2081 2080 2082
2013 2383 2012
2383 2013 2014
2197 2319 2293
2098 2479 2015
2099 2016 2017
2094 2397 2093
2088 2382 2408
2015 2016 2098
2523 1875 2310
2018 2397 2017
2273 2151 2339
2447 1939 2367
2097 2096 2478
2380 2508 2478
2088 2091 2287
2099 2017 2397
2086 2088 2087
2099 2097 2098
2016 2099 2098
2088 2086 2089
2083 2084 2299
2193 2353 2196
2083 2080 2084
2083 2082 2080
2080 2079 2281
2085 2086 2299
2081 2282 2080
2079 2282 2077
2457 2073 2074
2075 2284 2394
2088 2408 2087
2080 2281 2084
2281 2085 2084
2078 2079 2077
2076 2369 2405
2086 2085 2542
2283 2075 2074
2073 2283 2074
2072 2071 2073
2076 2075 2283
2063 2072 2073
2076 2077 2284
2079 2080 2282
2370 2288 2090
2063 2324 2303
2299 2084 2085
2061 2323 2060
2076 2283 2369
2063 2062 2324
2517 2333 2546
2038 2445 2037
2475 2562 2219
2104 2103 2338
2038 2039 2445
2046 2039 2045
2339 2151 2429
2046 2045 2325
2046 2445 2039
2234 2417 2295
2046 2047 2326
2053 2052 2051
2327 2462 2052
2051 2354 2050
2050 2053 2051
2047 2048 2049
2047 2046 2325
2300 2049 2048
2050 2354 2049
2354 2047 2049
2300 2048 2116
2040 2045 2039
2538 2059 2398
2042 2448 2041
2041 2045 2040
2090 2089 2370
2448 2460 2384
2110 2406 2108
2457 2394 2436
2465 2388 2044
2388 2490 2043
2021 2022 2382
2385 2110 2112
2116 2115 2117
2384 2116 2048
2117 2115 2286
2300 2116 2117
2113 2385 2112
2112 2110 2111
2469 2112 2111
2113 2114 2385
2469 2111 2109
2515 2114 2113
2116 2384 2115
2515 2286 2114
2110 2109 2111
2325 2048 2047
2055 2327 2052
2050 2049 2300
2327 2057 2058
2327 2056 2057
2056 2355 2560
2061 2059 2328
2052 2054 2055
2327 2055 2056
2054 2053 2285
2054 2355 2055
2053 2054 2052
2285 2355 2054
2560 2065 2064
2064 2324 2399
2134 2065 2132
2303 2069 2070
2357 2276 2129
2130 2129 2276
2133 2134 2132
2131 2276 2357
2129 2128 2144
2357 2132 2131
2399 2560 2064
2331 2065 2068
2050 2285 2053
2328 2058 2057
2120 2121 2498
2118 2117 2286
2130 2376 2329
2376 2482 2498
2329 2122 2123
2121 2120 2356
2356 2122 2121
2123 2122 2124
2119 2118 2286
2123 2126 2329
2130 2127 2128
2329 2127 2130
2144 2128 2139
2130 2128 2129
2124 2125 2126
2124 2356 2535
2244 2305 2126
2244 2126 2125
2125 2301 2244
2329 2126 2127
2123 2124 2126
2139 2128 2127
2301 2125 2124
2300 2285 2050
2285 2300 2298
2243 2305 2244
2242 2301 2534
2492 2036 2445
2280 2413 2435
2144 2143 2357
2005 2006 2007
2215 2337 2362
2462 2354 2051
2340 2429 2151
2008 2386 2007
2008 2009 2386
2302 2380 2254
2419 2007 2386
2010 2386 2009
2096 2358 2478
2159 2291 2415
2004 2005 2003
2002 2003 2409
2348 1929 1930
2253 2252 2302
2255 2253 2254
2252 2253 2251
2011 2012 2383
2383 2434 2011
2373 2252 2248
2096 2255 2358
2047 2354 2326
2257 2094 2093
2097 2099 2397
2093 2287 2092
2257 2093 2092
2088 2090 2091
2092 2287 2091
2330 1983 1984
2090 2288 2091
2321 2464 2397
2288 2092 2091
2096 2095 2255
2095 2096 2094
2255 2095 2256
2255 2254 2358
2449 2288 2370
2257 2256 2095
2251 2248 2252
2251 2256 2387
2449 2257 2288
2256 2251 2255
2095 2094 2257
2251 2253 2255
2288 2257 2092
2096 2097 2397
2089 2090 2088
2250 2249 2251
2340 2415 2429
2409 2001 2002
1999 2000 1998
1924 1925 2348
2222 2400 2271
1997 1998 2000
2000 2470 1997
2303 2331 2069
2557 1996 2359
2131 2560 2438
2278 2468 2310
1994 1995 1996
2324 2064 2331
2349 1954 2246
2277 1992 1993
1989 1990 1993
2487 2437 2425
2277 1993 1990
1993 1994 1988
2377 2349 2294
2434 2480 2419
2535 2515 2402
2232 2295 2417
2302 2254 2253
1985 1986 2248
2140 2127 2305
2248 2249 1984
1986 2373 2248
2249 2330 1984
2248 1984 1985
2544 2545 2556
2126 2305 2127
2350 2379 2378
2259 2313 1889
2332 1978 2439
1988 1989 1993
1980 1981 2360
2249 2250 2330
1976 1978 2332
1982 2360 1981
2313 1884 2342
2360 1982 1983
2193 2378 2296
2075 2394 2457
1980 2360 1979
1988 1994 2557
2249 2248 2251
1887 2342 1886
2089 2086 2370
2285 2438 2355
2073 2071 2513
2071 2303 2070
2137 2069 2068
2072 2303 2071
2135 2067 2066
2067 2068 2065
2065 2066 2067
2066 2065 2134
2068 2069 2331
2289 2068 2067
2289 2374 2137
2070 2069 2137
2068 2289 2137
2070 2137 2374
2134 2133 2410
2289 2135 2136
2357 2410 2133
2558 2135 2134
2134 2135 2066
2143 2142 2550
2139 2142 2143
2136 2374 2289
2142 2140 2141
2140 2142 2139
2140 2305 2141
2403 2451 2334
2241 2422 2242
2242 2243 2244
2301 2242 2244
2395 2243 2242
2139 2127 2140
2238 2422 2241
2246 2307 2247
2307 2237 2236
2141 2305 2395
2306 2238 2239
2236 2235 2247
2237 2238 2306
2247 2294 2349
2247 2307 2236
2236 2237 2306
2239 2238 2240
2238 2241 2240
2247 2349 2246
2200 2371 2201
2134 2410 2558
2395 2305 2243
2246 2245 2307
2282 2081 2394
2078 2077 2405
1971 2555 1970
2077 2282 2284
1880 2278 1879
1972 2308 2526
2392 2279 2175
1967 1968 1970
2555 2526 2528
1970 1968 1969
1978 1976 1977
1973 1974 2332
2298 2300 2118
2457 2063 2073
2347 1937 1938
2291 2161 2317
2117 2118 2300
1975 2332 1974
2423 2141 2395
1975 1976 2332
1978 1979 2439
2315 2450 2375
2086 2087 2299
2332 2308 1973
2513 2283 2073
2559 2549 2432
2558 2546 2548
1951 2377 1950
2246 1955 2245
1955 2246 1954
2513 2071 2304
2333 2361 1961
2451 2525 2307
1956 2245 1955
2087 2083 2299
1963 2333 1962
1961 2361 1960
2245 1956 2334
2187 2346 2189
1960 2361 1959
2190 2189 2297
1958 2334 1957
1956 1957 2334
2135 2289 2067
1961 1962 2333
2290 2306 2239
2064 2065 2331
2285 2482 2438
2071 2070 2304
2392 2175 2179
2239 2240 2290
1972 2526 1971
2144 2139 2143
2112 2402 2113
2469 2430 2563
2403 1958 1959
2304 2374 2541
2374 2559 2541
1869 1870 2335
1868 1869 2138
1872 1873 2428
2439 1979 2360
2475 2219 2220
2428 1871 1872
2212 2312 2209
2216 2335 2519
2138 2100 2101
2138 2335 2100
2101 2100 2102
2101 2309 2465
2102 2216 2217
2216 2102 2100
2217 2216 2519
2103 2102 2217
2335 2216 2100
2102 2103 2309
1871 2428 1870
2465 2309 2388
2401 2262 2263
2319 2346 2186
1876 1877 2310
2336 2221 2220
1878 1879 2278
2416 2225 2226
2319 2185 2345
1876 2310 1875
2562 2338 2103
2310 1877 2278
2551 2519 2520
2468 2523 2310
2217 2219 2562
2218 2219 2217
2222 2271 2223
2221 2336 2400
2223 2272 2145
2272 2223 2271
2311 2272 2271
2222 2145 2339
2400 2222 2221
2219 2336 2220
2270 2311 2271
1874 1875 2523
2330 2483 1983
2223 2145 2222
2108 2106 2107
2385 2406 2110
2362 2363 2215
2108 2107 2109
2105 2388 2309
2101 2102 2309
2104 2338 2363
2105 2104 2106
2105 2106 2388
2338 2213 2214
2215 2214 2337
2362 2109 2107
2215 2338 2214
2211 2521 2214
2211 2213 2212
2213 2211 2214
2312 2212 2352
2211 2212 2210
2338 2215 2363
2337 2469 2109
2352 2212 2213
2109 2110 2108
2145 2273 2339
2222 2339 2221
2150 2273 2149
2151 2273 2150
2147 2149 2273
2147 2145 2146
2146 2396 2147
2148 2274 2149
2272 2146 2145
2150 2274 2152
2207 2210 2209
2212 2209 2210
2209 2312 2208
2207 2209 2208
2158 2340 2152
2152 2151 2150
2159 2158 2160
2159 2340 2158
2158 2152 2154
2159 2415 2340
2340 2151 2152
2312 2320 2208
2149 2147 2148
2213 2338 2352
2429 2220 2339
2210 2207 2364
1877 1878 2278
2109 2362 2337
1880 2261 2262
2261 1880 1881
2262 2261 2263
2263 2267 2341
2260 1881 2258
2320 2206 2208
2258 1881 1882
1881 2260 2261
2399 2324 2062
2261 2260 2265
2263 2264 2267
2263 2261 2264
2267 2264 2266
2268 2341 2267
2267 2266 2268
2266 2264 2265
2266 2265 2260
2407 2441 2389
2261 2265 2264
2341 2268 2269
2259 2389 2260
2270 2271 2341
2401 2263 2341
2561 2453 2416
1885 2342 1884
1883 1884 2313
1887 1888 2342
2000 2001 2409
2420 1895 1898
1886 2342 1885
2057 2056 2560
2342 1889 2313
2313 2259 2258
2258 1883 2313
1889 1890 2389
2258 2259 2260
1892 2407 1891
2327 2538 2491
2266 2389 2441
2326 2354 2462
1869 2335 2138
1890 2407 2389
1870 2428 2519
2260 2389 2266
2205 2320 2351
1883 2258 1882
2551 2219 2218
1892 1893 2390
2154 2153 2155
2152 2153 2154
2150 2149 2274
2154 2157 2158
2156 2343 2165
2396 2368 2148
1907 2446 1906
2153 2274 2368
2341 2269 2270
2154 2155 2157
2162 2161 2160
2160 2158 2157
2156 2160 2157
2161 2291 2160
2165 2343 2446
2166 2446 1907
1908 2411 2166
2156 2155 2343
1907 1908 2166
2162 2160 2156
2157 2155 2156
2164 2156 2165
2441 2537 2497
2146 2272 2311
2268 2266 2441
2420 1899 2425
1898 1895 1896
2103 2104 2309
1898 1896 1897
2487 2446 2437
2197 2351 2196
2361 2403 1959
2344 1895 2420
2195 2196 2351
2314 1905 1906
2314 1904 1905
2152 2274 2153
2339 2220 2221
1901 1904 2314
2292 2201 2202
2079 2078 2281
1902 1903 1901
2477 2534 2535
1901 1903 1904
1901 2314 1900
2147 2273 2145
2462 2051 2052
1899 2420 1898
2344 1894 1895
2471 1931 2412
2478 2098 2097
2262 2468 1880
2302 2252 2373
2159 2160 2291
2203 2202 2364
2364 2207 2203
2203 2207 2204
2202 2203 2292
2204 2206 2205
2206 2204 2207
2291 2318 2320
2204 2205 2198
2208 2206 2207
2203 2204 2292
2292 2199 2200
2200 2201 2292
2199 2293 2372
2417 2234 2235
2416 2226 2227
2197 2293 2198
2224 2226 2225
2454 2561 2417
2198 2199 2292
2225 2416 2345
2205 2351 2198
2199 2372 2200
2197 2198 2351
2318 2351 2320
2196 2195 2193
2353 2192 2297
2297 2346 2353
2378 2317 2350
2188 2189 2190
2193 2195 2194
2194 2195 2318
2189 2346 2297
2345 2184 2183
2198 2293 2199
2187 2185 2186
2225 2345 2183
2187 2188 2184
2188 2187 2189
2184 2182 2183
2182 2184 2188
2188 2180 2182
2187 2184 2185
2346 2187 2186
2225 2183 2224
2366 2486 2365
2319 2197 2346
2351 2318 2195
2182 2224 2183
2233 2294 2234
2290 2235 2306
2233 2234 2295
2247 2235 2294
2232 2228 2231
2232 2561 2228
2231 2228 2230
2232 2231 2295
2235 2290 2417
2377 2233 2295
2076 2284 2075
2349 1953 1954
1952 2349 2377
2437 2343 2368
2514 1949 1950
1952 2377 1951
2414 2240 2241
2315 2375 2514
1948 1949 2375
2329 2376 2498
2230 2315 2514
2235 2236 2306
2228 2229 2230
2294 2235 2234
2227 2226 2229
2227 2229 2228
2444 2224 2181
2444 2226 2224
2181 2180 2179
2181 2224 2182
2176 2179 2175
2181 2178 2444
2182 2180 2181
2179 2178 2181
2118 2119 2298
2450 1947 2375
1946 2391 1945
2304 2070 2374
2230 2229 2315
2178 2179 2177
2391 2473 1944
1947 2391 1946
2179 2176 2177
2391 2177 2176
2450 2177 2391
2375 1947 1948
2180 2392 2179
2229 2226 2315
2200 2372 2371
1973 2308 1972
2192 2353 2193
2356 2120 2515
2163 2164 2350
2161 2162 2317
2163 2162 2164
2193 2296 2192
2166 2411 2165
2164 2162 2156
2431 1909 1910
2296 2191 2192
1909 2411 1908
2296 2378 2379
2173 2279 2172
2190 2297 2191
2296 2379 2191
2426 2170 2171
2172 2171 2413
2172 2279 2421
2443 2486 2404
2171 2170 2413
2459 2455 2532
2175 2279 2174
2275 1924 2348
2418 2175 2174
1912 2365 1911
2274 2148 2368
2365 1912 1913
2365 1913 2366
2359 2556 2557
2204 2198 2292
1915 2366 1914
2174 2173 2280
2357 2129 2144
2366 1915 1916
2168 2169 2404
2516 2366 1916
2516 2168 2404
2168 2393 2472
1917 1918 2167
2286 2115 2114
2466 2167 1919
1919 2167 1918
2185 2319 2186
2167 2516 1917
2120 2119 2286
2442 2506 2494
2355 2056 2055
2365 1910 1911
1990 1991 2277
2280 2173 2413
2367 1939 1940
2174 2279 2173
2413 2173 2172
2347 1938 1939
2317 2318 2291
2413 2170 2472
2435 1936 1937
2438 2376 2131
2316 1934 1935
2122 2356 2124
1935 2524 2442
2418 2280 2447
1942 2367 1941
2399 2061 2328
2542 2405 2504
1941 2367 1940
2378 2318 2317
1934 2316 1933
2387 2512 2250
2115 2384 2114
1944 2418 1943
1958 2403 2334
2347 2447 2435
2174 2280 2418
2424 1932 2316
1933 2316 1932
2105 2309 2104
1921 1922 2471
1923 1924 2275
2445 2036 2037
2468 2278 1880
2275 2471 1922
2245 2334 2451
1922 1923 2275
2412 1920 1921
1930 2471 2275
2348 1930 2275
2045 2041 2448
1925 1926 1927
2184 2345 2185
1910 2365 2431
1929 2348 1928
2357 2133 2132
2348 1927 1928
1927 2348 1925
2411 2350 2164
2320 2205 2206
2317 2163 2350
2494 2412 2424
1888 1889 2342
2368 2155 2153
2192 2191 2297
2162 2163 2317
1963 1964 2547
2358 2254 2380
2138 2465 1868
2308 2332 2439
2357 2143 2410
2363 2362 2107
2107 2106 2363
2104 2363 2106
2202 2430 2521
2211 2210 2364
2366 1913 1914
2191 2379 2532
2404 2366 2516
2172 2421 2171
1943 2367 1942
2447 2280 2435
2148 2147 2396
2343 2155 2368
2500 1967 2555
2405 2077 2076
2461 2452 2505
2483 2439 2360
2240 2414 2290
2301 2535 2534
2319 2453 2293
2416 2319 2345
2545 1986 1987
2359 2470 2543
2548 2136 2558
2548 2559 2136
1950 2377 2514
2450 2444 2177
2131 2376 2276
2298 2498 2482
2295 2231 2377
2514 2231 2230
2193 2194 2378
2378 2194 2318
2411 2431 2456
2426 2443 2404
2544 2302 2373
2409 2480 2543
2029 2518 2028
2029 2030 2474
2088 2287 2382
2382 2287 2464
2098 2478 2479
2409 2419 2480
2048 2325 2384
2045 2448 2325
2384 2385 2114
2490 2406 2460
2010 2011 2434
2419 2005 2007
2257 2387 2256
2449 2387 2257
2406 2106 2108
2043 2044 2388
1889 2389 2259
1890 1891 2407
1893 2344 2420
2425 1900 2314
2391 2176 2473
1945 2391 1944
2455 2531 2188
2279 2392 2421
2168 2167 2466
2435 2524 1936
2081 2467 2394
2028 2518 2381
2237 2422 2238
2242 2422 2395
2311 2270 2497
2425 2496 2420
2094 2096 2397
2018 2321 2397
2491 2538 2322
2458 2059 2060
2399 2328 2057
2057 2560 2399
2341 2485 2401
2341 2271 2400
2440 2485 2400
2400 2336 2440
2521 2430 2469
2563 2476 2477
2517 2361 2333
2423 2142 2141
2169 2170 2404
2426 2171 2421
2461 2405 2369
2078 2405 2542
2384 2460 2385
2388 2106 2406
1892 2390 2407
2441 2269 2268
2024 2025 2463
2083 2087 2408
2005 2419 2003
2386 2434 2419
2423 2517 2550
2517 2546 2410
1909 2431 2411
2164 2165 2411
2424 1931 1932
1931 2424 2412
2472 2170 2169
2524 2435 2393
2241 2242 2534
2372 2453 2454
2320 2312 2415
2312 2429 2415
2227 2228 2561
2293 2453 2372
2414 2529 2290
2530 2454 2529
2367 1943 2418
2418 2473 2175
2010 2434 2386
2409 2003 2419
2425 1899 1900
2420 2390 1893
2531 2392 2180
2188 2190 2455
2237 2307 2422
2245 2451 2307
2525 2395 2422
2403 2361 2517
2442 2316 1935
2424 2316 2442
2446 2487 1906
2437 2481 2425
2421 2533 2426
2404 2170 2426
2474 2398 2458
2427 2394 2467
1874 2523 2553
2218 2217 2519
2312 2352 2429
2562 2475 2429
2476 2202 2201
2371 2477 2476
2365 2486 2459
2456 2379 2350
1965 2522 2432
2502 2552 2488
2509 2480 2495
2479 2383 2014
2495 2507 2433
2480 2434 2495
2347 2435 1937
2472 2435 2413
2394 2427 2436
2458 2398 2059
2368 2396 2437
2441 2497 2269
2285 2298 2482
2560 2131 2132
2483 2360 1983
2387 2449 2499
2336 2219 2551
2428 1873 2553
2390 2537 2407
2496 2390 2420
2466 2393 2168
2494 2506 2493
2531 2455 2533
2365 2459 2431
2177 2444 2178
2226 2444 2315
2046 2326 2445
2326 2492 2445
2165 2446 2166
2437 2446 2343
1939 2447 2347
2418 2447 2367
2460 2406 2385
2325 2448 2384
2503 2449 2370
2439 2483 2511
2444 2450 2315
1947 2450 2391
2517 2451 2403
2525 2423 2395
1967 2500 1966
2526 2527 2554
2319 2416 2453
2453 2561 2454
2529 2454 2417
2371 2372 2454
2532 2190 2191
2443 2533 2455
2411 2456 2350
2459 2456 2431
2063 2457 2323
2457 2074 2075
2436 2427 2458
2458 2427 2474
2455 2459 2443
2456 2459 2379
2448 2042 2460
2490 2042 2043
2502 2488 2501
2554 2505 2452
2327 2491 2462
2034 2539 2322
2083 2463 2082
2024 2463 2408
2397 2464 2287
2021 2464 2321
1868 2465 2044
2101 2465 2138
2493 2466 1919
2442 2393 2466
2082 2467 2081
2467 2381 2518
2262 2401 2468
2468 2401 2523
2469 2337 2521
2112 2469 2402
1997 2470 2359
2000 2409 2470
1931 2471 1930
2471 2412 1921
2168 2472 2169
2435 2472 2393
2175 2473 2176
1944 2473 2418
2474 2031 2398
2474 2427 2518
2220 2429 2475
2562 2429 2352
2371 2530 2477
2202 2476 2430
2534 2477 2414
2563 2402 2469
2380 2478 2358
2478 2433 2479
2479 2014 2015
2507 2479 2433
2434 2507 2495
2543 2470 2409
2536 2481 2437
2537 2481 2497
2498 2298 2119
2376 2438 2482
2512 2499 2511
2439 2484 2308
2512 2511 2330
2554 2510 2489
2400 2485 2341
2440 2401 2485
2404 2486 2366
2459 2486 2443
2425 2314 2487
1906 2487 2314
2452 2461 2501
2540 2502 2501
2504 2405 2461
2505 2554 2489
2406 2490 2388
2042 2490 2460
2327 2058 2538
2539 2491 2322
2326 2462 2492
2491 2539 2462
1919 1920 2493
1920 2412 2494
2442 2494 2424
1920 2494 2493
2508 2433 2478
2433 2508 2495
2425 2481 2496
2496 2481 2537
2536 2497 2481
2497 2396 2311
2120 2498 2119
2498 2121 2329
2449 2503 2510
2499 2484 2511
1970 2555 1967
2500 2488 2552
2540 2461 2369
2528 2501 2488
2502 2369 2513
2432 2522 2552
2504 2503 2370
2503 2489 2510
2503 2504 2489
2542 2504 2370
2489 2504 2505
2461 2505 2504
2442 2466 2506
2493 2506 2466
2434 2383 2507
2507 2383 2479
2544 2380 2302
2556 2359 2509
2495 2508 2509
2544 2509 2508
2484 2499 2510
2510 2499 2449
2439 2511 2484
2330 2511 2483
2250 2512 2330
2387 2499 2512
2513 2304 2541
2283 2513 2369
1949 2514 2375
2231 2514 2377
2286 2515 2120
2113 2402 2515
1917 2516 1916
2168 2516 2167
2550 2517 2410
2517 2423 2525
2474 2518 2029
2467 2518 2427
1870 2519 2335
2520 2519 2428
2520 2428 2553
2440 2336 2551
2521 2337 2214
2202 2521 2364
1965 1966 2522
2500 2552 1966
2401 2440 2523
2440 2520 2553
1936 2524 1935
2393 2442 2524
2307 2525 2422
2517 2525 2451
2527 2526 2308
2528 2526 2452
2308 2484 2527
2510 2554 2484
2501 2528 2452
2500 2528 2488
2290 2529 2417
2530 2529 2414
2477 2530 2414
2454 2530 2371
2392 2531 2421
2188 2531 2180
2459 2532 2379
2455 2190 2532
2426 2533 2443
2531 2533 2421
2241 2534 2414
2301 2124 2535
2515 2535 2356
2563 2535 2402
2437 2396 2536
2497 2536 2396
2407 2537 2441
2496 2537 2390
2059 2538 2058
2322 2538 2398
2036 2539 2035
2462 2539 2492
2461 2540 2501
2369 2502 2540
2552 2541 2432
2513 2541 2502
2086 2542 2370
2078 2542 2085
2480 2509 2543
2359 2543 2509
2380 2544 2508
2373 1986 2545
2557 1987 1988
2373 2545 2544
2333 2547 2546
2547 2548 2546
1963 2547 2333
1965 2549 1964
2547 1964 2549
2559 2432 2541
2432 2549 1965
2547 2549 2548
2143 2550 2410
2423 2550 2142
2519 2551 2218
2440 2551 2520
2552 2502 2541
2552 2522 1966
1874 2553 1873
2553 2523 2440
2526 2554 2452
2554 2527 2484
2526 2555 1971
2500 2555 2528
2544 2556 2509
2545 1987 2557
2557 1994 1996
2557 2556 2545
2558 2136 2135
2546 2558 2410
2136 2559 2374
2549 2559 2548
2438 2560 2355
2560 2132 2065
2227 2561 2416
2417 2561 2232
2338 2562 2352
2562 2103 2217
2476 2563 2430
2535 2563 2477
