17.024026871 39.4828376770001
16.9754142760001 39.4912490840002
16.8679142000001 39.5379180910001
16.8384723660001 39.5559730540001
16.8170833590001 39.5887489320001
16.7815284730001 39.6145820630001
16.6137504580001 39.62236023
16.5295810000001 39.6609730000001
16.5281944270002 39.724861145
16.4915275580001 39.7504158030002
16.4937496180001 39.812915802
16.5626392360001 39.8959732060001
16.6009731290001 39.9265289310001
16.6301383980001 39.9662513740001
16.6190280910002 39.9756927490002
16.5995845790001 40.0365295400001
16.6090278620001 40.084583282
16.645368577 40.1195831300001
16.686250688 40.1462516790001
16.728472 40.1990280000001
16.7498607640001 40.2493057260002
16.7806949610001 40.2970848090001
16.8487491600001 40.3715286250001
16.8673610690001 40.3990707410002
16.8990287780001 40.4337501530001
16.9481964100002 40.4698600780001
17.0204162590001 40.5059738160001
17.0873600000001 40.5204160000001
17.1293050000002 40.517639
17.1679170000002 40.5015260000001
17.182083 40.4818040000001
17.2170830000001 40.4740300000001
17.2548620000001 40.500973
17.2762510000001 40.4890290000001
17.302917 40.5006940000001
17.3262480000001 40.4890290000001
17.2993070000001 40.4684720000001
17.254305 40.4773600000001
17.2512490000001 40.4498600000001
17.2262500000001 40.4048610000001
17.3109720000002 40.365417
17.3745822900002 40.348472595
17.3934730000001 40.3329160000001
17.4490299230002 40.327915192
17.4926395420001 40.3109741210001
17.5054168710001 40.2948608400002
17.660419464 40.3043060300001
17.7634716030001 40.2947235110001
17.8634700000001 40.2820820000001
17.907917 40.2515260000002
17.9229164120001 40.2248611450001
17.9251384740001 40.1834716810001
17.992082596 40.134029389
18.012081145 40.0887489320001
17.9909730000001 40.0531960000001
18.0148620000001 40.0373610000001
18.016527 40.0054170000001
17.9943050000001 39.9951400000002
18.0456943510001 39.9295845040002
18.076248169 39.9068069460001
18.1329174050002 39.8779182430002
18.1462516780001 39.8634719860001
18.210138321 39.8379173280001
18.2576389320002 39.8362503050001
18.3073635100002 39.8170814520001
18.3337497710002 39.795139314
18.3690280920001 39.7931938180002
18.3915271760001 39.8185195920001
18.3998603810001 39.8893051140001
18.3943061830001 39.9120826710001
18.408750533 39.977638245
18.4315280910001 40.0007095340002
18.4348602290002 40.023471833
18.477916717 40.0487518310002
18.4851379400002 40.0784721380002
18.5206947330001 40.1079177850002
18.5173606870001 40.134304047
18.492359161 40.1540260310001
18.4643058780001 40.192638398
18.4648609170001 40.2215270990001
18.424028396 40.2943038940001
18.38958168 40.312084198
18.364027022 40.3409729010002
18.321527481 40.3684730520001
18.307638168 40.389862062
18.2009735110001 40.4693069470002
18.12763977 40.492362975
18.0968055730001 40.5156936660002
18.034861 40.5681950000001
18.045416 40.5968060000002
17.9940260000001 40.6479150000002
17.9734730000001 40.6443060000001
17.938749 40.6856960000001
17.8915270000002 40.6823620000001
17.841528 40.690418
17.743751526 40.7348594660001
17.6884727490001 40.7656936650002
17.556251526 40.7987518320001
17.4704151160001 40.8334732070002
17.4570827480001 40.849861145
17.4131946570001 40.8715286250001
17.3893030000001 40.8929940000001
17.3487490000002 40.9073600000001
17.3368050000001 40.9273610000002
17.2809720000001 40.9709740000001
17.2062470000001 41.0009730000001
17.1765250000001 41.0290260000001
17.1559720000002 41.0326390000001
17.0554140000001 41.077915
16.961803435 41.0970840450001
16.9281940450001 41.1118049620001
16.7937507630001 41.147914886
16.7801399230002 41.1595840460001
16.719863891 41.17124939
16.5834710000001 41.2076380000001
16.5426845550001 41.2295837410002
16.5318031310002 41.2390289310001
16.452362061 41.2604179380001
16.420139313 41.2826385490001
16.3445816050001 41.309581757
16.2720832830001 41.3248596200002
16.2151393890002 41.3562507640001
16.1590271 41.3729171750002
16.103473664 41.3987503050001
16.0256233210002 41.4256935130001
15.9818058010001 41.4448623660001
15.9418067940001 41.4737510670002
15.8998620000001 41.53653
15.8929170000001 41.5868070000001
15.9006960000002 41.6159710000001
15.9465270000001 41.644028
16.0654163360001 41.6931953430001
16.1226387020002 41.7387504580001
16.1437492370001 41.7423629770001
16.1895830000001 41.7745820000001
16.1973630000001 41.80125
16.1895830000001 41.8390270000001
16.1662480000001 41.88736
16.140139 41.9143070000001
16.1209720000001 41.914585
16.084583282 41.9409713760001
16.0112495430001 41.950695039
15.89263916 41.9293060310001
15.7573614130002 41.916526795
15.6759729390001 41.914859772
15.6237487800001 41.9276390080001
15.4768059990002 41.9051400010001
15.3634710000001 41.9023630010001
15.3443060010001 41.9154169990001
15.2256946570001 41.9179153450002
15.137508392 41.9262504580001
15.084860803 41.9393043530001
14.9995822920002 42.0054168710002
14.8976392750001 42.0218048090001
14.8504180900001 42.0362510680001
14.7796590000001 42.070137
14.740139007 42.0856933600001
14.7179145810001 42.1056938170001
14.717362405 42.1731948850002
14.628194809 42.1965293890001
14.509860039 42.2512512200001
14.5029153830001 42.272083282
14.44430542 42.310695648
14.410139084 42.3601379400001
14.3079166410001 42.4115295410002
14.2539129250001 42.4451370230001
14.1870841990001 42.4926376340001
14.1456890110001 42.5309715280002
14.0734720230001 42.6029167170001
14.0379171370001 42.6570816050001
13.9959716810001 42.7068061820001
13.93764019 42.8162498480002
13.9187498100001 42.8937492370001
13.8846969610001 42.8928527830002
13.8170404440001 42.8784828190001
13.7807569510001 42.8619384770001
13.7234039310001 42.856311798
13.7000379560001 42.8234825140001
13.636425018 42.804260254
13.621879578 42.8166656500001
13.5300170180001 42.7963029430001
13.503232956 42.7719306940001
13.4897155760002 42.7346343990002
13.4530248640002 42.7348747250002
13.4283142080002 42.707389832
13.3897237780002 42.6882667540002
13.3597784040002 42.6967926030001
13.350593567 42.6696815500001
13.3702239990001 42.6506996160001
13.4091978080002 42.6438293460001
13.394924164 42.5922279360001
13.3811941150001 42.5818862910002
13.3280229560001 42.5809097300001
13.292169571 42.5715103150001
13.2624721520002 42.5840644830001
13.1922826760001 42.5884895330001
13.1582689290001 42.528690338
13.1786861410002 42.5136108390002
13.1549692150002 42.4633064270001
13.117080689 42.444885254
13.156086922 42.4151878350001
13.1901197440002 42.4011917110001
13.190316201 42.3820838930001
13.1542673120001 42.3579673760001
13.227374077 42.3203086860001
13.229853631 42.288146972
13.292931557 42.233394623
13.3208417900001 42.2306175230001
13.332809448 42.2091522220001
13.3684797290001 42.1810340880001
13.3236379630001 42.1620101930002
13.3062076570001 42.1392288210001
13.2496976860001 42.128402711
13.1841974270002 42.159862518
13.1706209180001 42.1516876220001
13.1253776550001 42.1774559020002
13.087980271 42.1788597110001
13.0870771410001 42.1453208920001
13.037931443 42.119972229
13.01940632 42.0759201050001
13.027538301 42.0510139470001
13.0554485310001 42.0173568730001
13.102235794 42.0107345580001
13.1408605580002 42.0163345350001
13.199997902 41.9874839780001
13.2324523930001 41.9826660150002
13.286944389 41.9513473520001
13.3235273360001 41.9461517340001
13.3849020010001 41.9051780710002
13.3607406620002 41.8703689580001
13.367738725 41.834056854
13.4083690640001 41.838439941
13.505309104 41.8025360110001
13.5224580770001 41.7738571170001
13.572714805 41.755271912
13.6321678160001 41.7836189270001
13.6630373000002 41.8124160770001
13.6936092370001 41.7924957280001
13.717392922 41.7983703610001
13.7503538140001 41.7615585340001
13.791028022 41.7439460760002
13.8243780130001 41.7418556210001
13.920592309 41.718223573
13.9419116980002 41.688949586
13.989183425 41.6548156740002
14.011878014 41.6085243230001
14.002547264 41.5706787120002
14.0245533 41.5620193480002
14.0269527430001 41.526752473
13.973794937 41.4950256340002
13.978795051 41.4634704580002
13.9117431640001 41.4296798700001
13.8760337830001 41.427406311
13.8639001850001 41.4109306340001
13.8867044460002 41.3864479060002
13.8716459280002 41.3656730650001
13.8745613090001 41.3366165160002
13.8956241610001 41.3115272530001
13.883223533 41.2919349670001
13.8284587860002 41.2784500130001
13.819704056 41.246795655
13.7746362690001 41.2436561580001
13.7629165650001 41.2226371780002
13.811805726 41.1870841990001
13.8959732050001 41.0904159550001
13.9215280000001 41.0248600000002
13.97736 40.97736
14.0073610000001 40.9423600000001
14.032361 40.8996770000001
14.0470838540001 40.8577575690001
14.0468060000001 40.7895850000002
14.079859734 40.7890281690002
14.0823602670001 40.8284721370001
14.1620840000001 40.8156930000001
14.1859720000002 40.7915270000001
14.2154160000001 40.8215290000002
14.2623620000001 40.8406940000002
14.2954160000001 40.8359720000001
14.4140291210001 40.7515296940001
14.4540280000002 40.7501370000001
14.4804162990001 40.7090263380001
14.3998622890001 40.6381950390002
14.3409710000001 40.6270830000001
14.3201380000002 40.5868070000001
14.3231940000001 40.5701370000002
14.4706945410001 40.6207199100002
14.4887514120001 40.6270828250002
14.5240268700001 40.6076431270001
14.5759725570001 40.6168060310001
14.628748895 40.6484718330001
14.6929178240001 40.6340293890001
14.7195844640001 40.6665267940002
14.7590255740001 40.6773605340001
14.8245840070001 40.640140535
14.8770828240001 40.5884704590002
14.9079103460001 40.5473594670002
14.937359811 40.4898605350001
14.9845829010002 40.4243049630001
15.0004167560001 40.3890266430001
14.9990291590001 40.3584709160001
14.9445819850002 40.3359718320002
14.9451379780001 40.2801399230001
14.9045829780001 40.2531929030002
14.937359811 40.2281951910001
14.9926376340001 40.2176399240001
15.0293054570002 40.177639007
15.064861298 40.1645851130001
15.1248598100001 40.1751403800001
15.1809720990001 40.1268043530002
15.20402813 40.1240272530001
15.242638589 40.089584351
15.2720832830001 40.073749542
15.2845840450001 40.0340271000002
15.3201379780001 40.0295829770001
15.339584351 40.0070838930001
15.4212503430002 39.992084503
15.460972785 40.0337486270001
15.5034723290001 40.0637512210001
15.574583053 40.0781936650001
15.6265268320001 40.0637512210001
15.6450680000001 40.0412480000001
15.7195840000001 39.977085
15.7345830000001 39.9443050000001
15.7559728630001 39.9242134100001
15.779859543 39.894306183
15.789860726 39.8509712220002
15.768750192 39.8370819090002
15.785972594 39.8170814520001
15.8079166420001 39.7379150400001
15.814305 39.6776390000002
15.8309720000001 39.669861
15.8743057260001 39.553195954
15.9237489700001 39.5276374810002
15.962916 39.4743039990001
15.9954166410002 39.4437484750001
16.0354175580001 39.3520851130002
16.0568046570002 39.2715263370001
16.0665283210002 39.13597107
16.095138549 39.0498008730002
16.1020812990002 39.0259704590002
16.1301383970001 39.0006942740002
16.1554164880001 38.9523620620001
16.1990280150001 38.9326705940001
16.221252441 38.9115295410002
16.2229175560001 38.855140686
16.215417862 38.8114738470001
16.18486023 38.7495841970002
16.13458252 38.7173614500001
16.100694657 38.711528779
16.041805267 38.727638244
15.9862499240002 38.7234725960001
15.9465265270001 38.690971376
15.8954172130001 38.6809730520002
15.8526401530001 38.6626396180001
15.8284721380002 38.6259727480002
15.9320840830001 38.5406951910002
15.9201393130002 38.5078544620001
15.9023618700002 38.43902588
15.8820819850001 38.4309730530002
15.862639427 38.3865280150002
15.8359727870001 38.3640289310001
15.8293056490001 38.3240280160002
15.7962503430002 38.2809715280001
15.749305726 38.257083894
15.7001390470001 38.2531929020001
15.6359720230001 38.232639314
15.63319397 38.1912498470002
15.6568050390001 38.1354179380001
15.6312494290001 38.1031951910001
15.6348619460002 38.07597351
15.6573610300001 38.041248323
15.6348619460002 38.0173606880001
15.6387500750001 38.0015296940001
15.6784734720001 37.9537506100001
15.7631931310001 37.916526796
15.8248615260001 37.9187507630001
15.922917366 37.9295845030001
15.9959726340001 37.9156951920002
16.0634746550001 37.9240264900001
16.1009712220001 37.9598617560002
16.144861221 38.0326385490002
16.160139084 38.127361298
16.268472671 38.2345848100001
16.3237495420001 38.294029235
16.4523600000001 38.334305001
16.4990272520001 38.3609733580001
16.5754170010001 38.4345820000001
16.5823590000001 38.4706190000002
16.5726394640001 38.5681953430001
16.5556945800001 38.6537513740001
16.5587501530001 38.679027558
16.5354175570001 38.7040290830001
16.5376396190001 38.7223625190001
16.5704174050002 38.7540283210001
16.5709743510001 38.7726402280001
16.604583741 38.8129158020001
16.748195648 38.8840293900002
16.8018035900002 38.9054183970001
16.8914413450001 38.928195954
16.9590282450001 38.9395828250001
16.998750686 38.9287490850001
17.021528244 38.9054183970001
17.0429153440001 38.919303895
17.1015281680001 38.9054183970001
17.169582367 38.9526405350001
17.1598606110001 38.9793052670001
17.1729164130002 39.0334739680001
17.1351394650002 39.0576400750001
17.1109714500001 39.0959739690001
17.115972519 39.143196107
17.1473617550002 39.2062492370001
17.1093044290001 39.2465286260001
17.1043052680001 39.267082214
17.1112499230001 39.3173599250001
17.1379184730001 39.3781929010001
17.1551399220001 39.3987503040001
17.1184711460001 39.4054183970001
17.0487518320001 39.4418067940001
14.4862003330002 41.7606239320001
14.5714969640001 41.822135925
14.59951973 41.8544349680002
14.6151227960002 41.8901634220002
14.664641379 41.9172668450001
14.6695137030002 41.9476051340001
14.7280370000001 42.0042230000001
14.766695022 42.0190582280001
14.7625860000001 42.0426560000002
14.22482485 42.4283290710002
14.158024 42.41835
14.1370182030001 42.3904762270001
14.1128015530001 42.3329925530001
14.0765619270001 42.3260612490001
14.1122198110001 42.2923545840001
14.107510567 42.258235932
14.1181726450001 42.2230148320001
14.096972466 42.1868896490001
14.130065917 42.159744262
14.1103849420001 42.1380805970002
14.1158113490001 42.1081581120002
14.0861177450001 42.0877037040001
14.1049356470002 42.048954011
14.0824165340001 42.019275665
14.098787309 41.9461669920001
14.0827159880001 41.9403915410002
14.1071462630001 41.894332886
14.1358022680001 41.8905639660001
14.184127808 41.9044914240001
14.2306060780002 41.8780632030001
14.2856531150001 41.9097709660002
14.3253746040002 41.8966255180002
14.3431167600002 41.8709526070001
14.3775539390002 41.8809089660001
14.4465770710001 41.8387947080002
14.4647645960002 41.7777786260001
13.995298387 41.6946716320001
14.020069123 41.6833496090001
14.070467949 41.7382125850001
14.116157532 41.73790741
14.1948547360001 41.7489967350002
14.2028112410002 41.7679672240001
14.17158413 41.7806777950001
14.1480436320001 41.828277588
14.167031912 41.843425918
14.217757226 41.8547363280001
14.031435013 42.0838813780001
14.0100193020001 42.0740432740001
13.9629049290002 42.1257095350001
13.911265374 42.144466401
13.8997888560001 42.166545868
13.8536291130001 42.1469879150002
13.799041748 42.1499595640001
13.797019958 42.1838340760002
13.811655999 42.1976928710001
13.809797287 42.248279571
13.843338966 42.257442475
13.8452291500001 42.282054901
13.8087940220001 42.3336334230002
13.788538933 42.3923263560001
13.766159057 42.421115875
13.7500905990001 42.43498993
13.7024917610001 42.4452285770001
13.671489842 42.4393386940001
13.6228590000001 42.4520380000001
13.5255960000001 42.4516980010001
13.526621 42.4733700000002
13.4765377050001 42.4840393060001
13.4105854030001 42.5391693120001
14.0582237250002 42.5316352840002
13.9908809670001 42.5428352360001
13.9527597430001 42.5307044980001
13.9530448920001 42.5061187750001
13.8855133050001 42.5101966870001
13.8849887850001 42.4903411860001
13.8387508390001 42.498905183
13.806940078 42.4771537780001
17.3544060950001 40.7495689690001
17.3952808380002 40.7512283330001
17.3993890000001 40.7866550000001
17.3661804190002 40.7878074650001
17.3284680430002 40.8126029680001
17.2960700990001 40.8181686400001
17.3403820000001 40.8664509990001
16.5125942270001 41.1849403030001
16.504671107 41.1523132270001
16.4664249420002 41.1574096690001
16.4301166530001 41.1911811840002
16.4013309470001 41.189460755
16.338586807 41.1524353030001
16.3524894710002 41.135738373
16.2749271390001 41.049552917
16.254867554 41.015766144
16.2672538760002 41.006328584
16.2527160650001 40.9631614690002
16.203292847 40.9185142520001
16.224630356 40.8875694270001
16.244836806 40.8390235900001
16.2880096440001 40.7990722650001
16.3170528400001 40.7840957650001
16.3477096560002 40.7529792800001
16.381214142 40.7373886120001
16.4009742730001 40.7083930980002
16.4313299510001 40.7057459870001
16.4804990000001 40.7377890000002
16.4968970000001 40.7592740000001
16.5376800000001 40.7538830000001
16.57683 40.7645300000001
16.633630752 40.7545547490001
16.725735 40.7148250000001
16.787738801 40.7336578370001
16.8008842470001 40.6959915170002
16.8574905400001 40.7246780390001
16.912757874 40.7080726630002
16.9267406470001 40.7378082290001
16.9715080270001 40.7422943120001
17.022338867 40.714908601
17.0593624120001 40.7224235530001
17.0881767270001 40.7139892580001
17.150299073 40.7117385870001
17.1606826790001 40.7447357180001
17.2013549800001 40.7623977660001
17.2487297050001 40.7669448850002
17.2435684210001 40.8008575440001
17.3002510070002 40.800880432
17.2837910000001 40.7681690000001
17.3054330740002 40.7444459810001
15.9510335910002 41.4426841740002
15.9742956160001 41.4149513240001
16.035165786 41.3759613050001
15.9827671060001 41.3617630000002
15.9842424400001 41.3056640630001
16.029516221 41.2516784660002
16.021499633 41.2217521660001
15.9924488070001 41.1963806150001
15.927578927 41.182968139
15.871091843 41.1409034730002
15.9218053820001 41.112133027
15.9542198180001 41.1117897040001
16.0080833440001 41.0600891110001
16.0388278950001 41.0398635860001
16.032817841 40.9993667600001
16.0093936910001 40.9732437140002
15.977461815 40.9594383240001
16.0944671620002 40.9212493900001
16.1221256260002 40.900222779
16.163799286 40.9295616150001
17.3506374360001 40.7338752750001
17.3864192970001 40.723003388
17.4186344140001 40.6824836740001
17.427806854 40.6346054080001
17.474191665 40.6115608210002
17.449100494 40.5559196480001
17.4877891550001 40.4831428530001
17.5118350990002 40.4798431410001
17.533594131 40.448043823
17.5728034980001 40.443237305
17.5845851900001 40.4611892700001
17.6260471340001 40.4634971620001
17.6834278100002 40.4417419430001
17.6941680910001 40.4128303530002
17.7341995240001 40.3924865720001
17.769014358 40.3968734750001
17.799119949 40.3806343070001
17.8233280180001 40.4044036860001
17.8871612540001 40.4236564630001
17.9364166270001 40.4293441770002
17.954093933 40.4585990910001
17.9943008420001 40.4686737050002
18.0183658600001 40.4635658260001
18.0422209990001 40.4899290000002
18.069887197 40.4614067320001
15.1500167840001 41.2814292900001
15.201869964 41.2872619630002
15.251250267 41.2714347840001
15.276506423 41.2505149840002
15.2465047830001 41.2352523810001
15.258231162 41.198379516
15.2102060320001 41.1686744690001
15.2680463790001 41.1076316840002
15.298721314 41.09395218
15.3152027140001 41.1048698420001
15.3683023450001 41.0858612060001
15.397229195 41.107791901
15.4469566350001 41.079006195
15.5437097540001 41.056842804
15.564834594 41.090389251
15.6182537070001 41.10024643
15.6826450000001 41.0872
15.753434182 41.0983238220001
15.7685720000001 41.0843770000002
15.7995810000002 41.0929600000002
15.8068280000001 41.1121029990002
15.139669419 41.8802490230001
15.10453415 41.8477096560001
15.115994454 41.7905311590002
15.0982322690001 41.766906739
15.122014046 41.7212104800001
15.1016820000001 41.6728100010002
15.0491733560002 41.6564941410001
15.0235662460001 41.6228294380001
14.9608459470001 41.6470108040001
14.9349689490001 41.6204223630001
14.951174736 41.5936393750001
14.9391880040002 41.5517120360001
14.941324234 41.524593354
14.9672584520002 41.519985199
15.0084896090001 41.4873657230001
15.0333118450001 41.4536705010001
15.0766048430001 41.4339065550002
15.0996456150001 41.4347534180002
15.0824003220001 41.388706207
15.0593137730001 41.3731117240002
15.0730533600001 41.3334388730001
15.1297750470001 41.310783386
17.7928256990001 40.33770752
16.6974510000002 40.7030720000001
16.72648 40.678593
16.7105810000001 40.6338230000002
16.724794 40.6034360000001
16.7065086370001 40.5511817940002
16.7378902430001 40.5048217770001
16.7204074860001 40.482406616
16.736410141 40.4689178470002
16.7934227000001 40.4629478470002
16.8101978310001 40.4340667730001
16.1696186060001 40.8066711430002
16.1222610470001 40.7971000670001
16.115716933 40.7686347960001
16.1501598370001 40.7315406800001
16.1497000000001 40.7041630000001
16.102242563 40.6740600140001
16.0564230000001 40.6560400000001
16.0490530000001 40.6365620000001
16.0812610000002 40.6023450000002
16.117597581 40.578529358
16.0765132910001 40.5456390390001
16.1171760560001 40.500717164
16.097858429 40.4827041630001
16.141546249 40.454868316
16.1070442190001 40.4096527100001
16.1381149300001 40.3848762510001
16.1756820680001 40.339393617
16.1736030580001 40.3007316580001
16.1963043220001 40.266391754
16.3109893810001 40.2743988040002
16.3327045440001 40.3045578000001
16.3763217920001 40.2748680110002
16.3494281770002 40.2063941950001
16.3603935240002 40.1882133480001
16.3981533050001 40.1680068960002
16.351335536 40.1243019240001
16.3718129030001 40.106681919
16.3993910000001 40.056652
16.415054 40.0816840000002
16.4097630000001 40.1219560000002
16.4527988430001 40.1357994090001
16.5308303830001 40.1190910340001
16.5862350460002 40.1340217590001
15.9826140000001 40.6435969990002
15.9422531120001 40.638923789
15.9554390000001 40.612247
15.984827995 40.606765748
15.7720120000001 39.9566080000002
15.820881845 40.0028762830001
15.845169068 40.0052947990001
15.898836135 39.9826889050002
15.9288482670001 40.0020751960002
15.9800186170002 39.9834060680001
16.031328201 39.994445801
16.007692336 39.957939148
16.023445129 39.924648285
16.0543117530001 39.899147035
16.0838584900001 39.8976211560001
16.1594276440001 39.9210701000002
16.215513065 39.8969841370001
16.2176380010001 39.9289699990001
16.2692508700002 39.936965942
16.3171672830001 39.9297904960002
16.3440475470001 39.9034385690002
16.3604830320001 39.9206085770001
16.3386211400001 39.937179565
16.399236679 40.0199661260001
15.572869301 40.9998626710002
15.5674505240001 40.9697685240002
15.5485420230002 40.953880311
15.5275897990001 40.9085731510001
15.4684886940001 40.8905906680002
15.465751649 40.871116638
15.4165973660002 40.882190705
15.384810448 40.8773155210002
15.3791675560001 40.8417396540002
15.3358268730001 40.8358612060001
15.3864059450002 40.7925186150002
15.382322312 40.7251396180002
15.4297800060001 40.693584442
15.5044221880001 40.6639366150002
15.4686021800001 40.6402282720001
15.452599525 40.6118431090001
15.4762134560001 40.593441009
15.510969162 40.586738587
15.5461559290001 40.5326538080001
15.5396709450001 40.4890518200001
15.578763962 40.4704666140001
15.6039180760001 40.4357757560001
15.710953713 40.3782958980001
15.7097587580001 40.3375701910002
15.7499923710001 40.2997398390002
15.7950172430001 40.2879638670001
15.806197167 40.2524108890001
15.774913788 40.2183494570001
15.7133589160001 40.1794510170002
15.7025699610002 40.1624755870002
15.70665741 40.1187362670001
15.6694211950001 40.0742492680002
15.6727800000001 40.055527
16.9210510250001 38.953128815
16.8920269010001 38.975147247
16.895288468 38.9987487800001
16.84656906 39.039947511
16.7768135070001 39.0649948120001
16.7346096040002 39.0599594110001
16.6997280120001 39.0911064160002
16.6801128380002 39.0932655340001
16.6589546210001 39.1199493400001
16.6758117680001 39.1337814330001
16.6668281550001 39.1570739750001
16.6293811800002 39.1637191780002
16.6138229370001 39.1952514660001
16.5367774960001 39.1455726630002
16.523185729 39.1634407050001
16.4799251550002 39.123313905
16.4819107050001 39.0600814820002
16.4443400690001 39.069957858
16.4252070000001 39.0627780000002
16.3830204010001 39.1059150700001
16.3463268270001 39.112121583
16.251199722 39.100402832
16.1567192070001 39.0618515020001
16.248092651 38.8104820260001
16.2970142360001 38.822338104
16.3451347360001 38.7951202390001
16.3709774020002 38.74307251
16.3507976540001 38.7356872560001
16.3383178710002 38.6879882810001
16.3463535310001 38.6584053050001
16.3299617770002 38.6414146430001
16.3773822790001 38.6220512390001
16.371192932 38.6104278570001
16.429515838 38.5843162530001
16.4206310000001 38.555008
16.4809534200001 38.4931719300001
16.5380099990002 38.4673500010002
16.6811046590001 39.2067871090002
16.7481079090001 39.1907615660002
16.7789211280001 39.1969413750002
16.7475738520001 39.2463340770001
16.761844635 39.2929000860001
16.70710373 39.3239021300002
16.7301445 39.3512420660001
16.7650470730001 39.362609863
16.8358497630001 39.3467483520001
16.9154281620001 39.3841705330001
16.9194183340001 39.411926269
16.957363129 39.3982315070001
16.9580097200001 39.4380378730001
16.393669 38.5748330000001
16.3693900000001 38.565098
16.3500710000002 38.538391
16.356039047 38.4965858470001
16.389114379 38.477165222
16.3924026480001 38.4496231090001
16.3536796560001 38.4317741400001
16.3023870000001 38.4316369920001
16.2681331630001 38.446098329
16.2543220530001 38.4854011530002
16.2319126130001 38.502063751
16.194303513 38.49861908
16.136533736 38.5365982070001
16.1025257100001 38.5417098990001
16.0807991020001 38.563121795
16.005292893 38.5177574160001
15.960882187 38.526676177
14.606406213 40.8486175540001
14.6676502230002 40.8234634400002
14.6870689400001 40.8423728940002
14.7350807200001 40.8405151370002
14.745252609 40.8046760550001
14.8137588490001 40.805507661
14.8351383210001 40.794521332
14.9192848210002 40.802188873
14.9463367470001 40.7889976500001
15.0295610420001 40.7826118460002
15.1404323570001 40.757873534
15.167805672 40.708911895
15.2479256660002 40.7186739400001
15.2402811060001 40.7755012510001
15.2815055850001 40.8005294800001
15.296395303 40.8391418450001
15.1237726210001 41.2575340280001
15.0675878530001 41.2688941950001
15.0518198020001 41.2592124940001
15.009923934 41.2719383250001
14.9818353650001 41.2622566220001
15.000146866 41.2009620670001
14.9628334050001 41.1763381960001
14.9676351550002 41.1520385750001
14.996166229 41.151428223
15.0117139830001 41.1190834050001
14.9758682250001 41.0944976810001
14.8697528830001 41.0586891180002
14.8301486790001 41.0360530700001
14.7774038310001 41.0418243400001
14.770676613 41.012012483
14.737175941 41.018215179
14.7268104550002 41.0489311230001
14.66300583 41.0566368110001
14.6392517090001 41.045688629
14.5959405900002 41.0578804020001
14.5727987280001 41.0105133050002
14.586166382 40.9349594120001
14.5779857640002 40.8815917970002
14.6944742200001 40.9761276240002
14.6866979600001 41.009029388
14.7165021890001 41.0080184930002
14.9526252740002 41.459045411
14.885286331 41.4457664490002
14.8565168380002 41.425682067
14.7910499580001 41.4535408030001
14.7655687340001 41.4183540340001
14.7181472790001 41.4018173220001
14.672312736 41.4076232910001
14.603911401 41.3649482740001
14.5671978 41.3931159980002
14.5523958200001 41.3803710940001
14.5048600380002 41.3851125950001
14.4570140850001 41.3727645880001
14.489974022 41.3016357420001
14.4545440670001 41.2947349560002
14.423304558 41.2521591190001
14.4292993540001 41.224525451
14.4675588610002 41.1717262270001
14.4369039530001 41.1557350150001
14.4281177510001 41.1370315560002
14.3980226510001 41.1224098210001
14.4378557200002 41.097240449
14.4210577000001 41.053474426
14.4748754500001 41.0435295100002
14.5080671320001 41.0566864010002
14.532034873 41.0143432620001
14.0188770290001 40.9489097590001
14.0482501980002 40.9602203360001
14.0935115810001 40.9610061650002
14.113088609 40.9799842840001
14.1411514290001 40.9801406870001
14.1576318740001 40.9524955740001
14.2152214050001 40.9502868660001
14.285353661 40.9612998970002
14.2984895710001 41.0057449340001
14.3275127420001 41.0011444090002
14.408485413 41.0024719240001
14.4056968680002 40.9870872500002
14.4779272080002 40.9824562080001
14.521676063 40.9881401070002
14.4561777110001 41.4288215640002
14.383359909 41.4442482000001
14.3280410760001 41.4544258120002
14.2784357070001 41.486839295
14.2425069810001 41.4976501470002
14.1681852330001 41.495407105
14.1261548990001 41.5083541860002
14.0792531960001 41.4480705260002
14.108372688 41.4174232480001
14.0843467720001 41.4011383050002
14.0432691570001 41.3937721250002
14.0066614140001 41.453826904
14.4829874040001 40.648490906
14.5118320010001 40.6460570000001
14.5187698980001 40.6229360660002
14.5772230000001 40.6282920000002
14.5560469530001 40.6689378450001
14.5813579560001 40.6865844740001
14.580751418 40.7105789180002
14.5435485850002 40.741165161
14.5151147850002 40.7391586300002
14.5078830710001 40.7739677430002
14.5457191470002 40.7791442880001
14.5889930720002 40.806598663
14.5663738250001 40.8337593080001
14.514609336 41.7323493950001
14.5216436380001 41.6998901370001
14.434535979 41.6725616460001
14.4250040050001 41.6448707580001
14.4808683400001 41.6325035090001
14.5105962760001 41.6099205030002
14.494296074 41.5733528140001
14.428967476 41.5257225050001
14.3908281330001 41.5060424800001
15.9815030947583 41.4357435803126
15.9969930894976 41.4382183820257
16.0103885691211 41.4291638098438
16.0113082052489 41.4319559475129
15.9662683428792 41.4392138771564
14.5461033620423 40.6254405734496
14.6023607260001 40.6326389320001
14.0008766721724 40.967159819467
14.0165671729247 40.9266421168423
14.0241061892261 40.9298170165742
16.3997148958744 38.5976583590949
16.348451268819 38.6338647545607
16.608251367718 39.9517532332116
16.5188887012316 41.2131601144669
16.2448927842506 40.9898277694926
16.008851305533 41.3928168862049
15.9618062975001 41.4593067165002
14.3969442705001 40.5954284550002
14.3772396118894 41.0019596614164
14.4368828353148 40.9850877644039
15.6609108597907 38.0153653981308
15.0857849635607 41.2215764405407
15.040105045963 41.295972796135
13.1994311885545 42.1192018708837
13.4037708480149 42.5622563047141
14.0919587924022 41.9766618089543
14.0973591421628 41.9127846480898
15.8399440043928 39.7108329058512
16.4871408989183 38.7191817224158
16.7555102728947 41.1170837840154
17.2690010095478 40.8008678134872
17.3233256873789 40.7463176981569
14.3527541162277 40.5802741607766
17.3190497805004 40.7007353192243
17.3116139359142 40.7718180102379
14.3968313471302 41.1631442138956
14.4706192889289 41.1284813335264
14.5322215472591 41.4187695610709
15.716143769548 40.0729689515319
15.662235025919 40.2000272240636
15.7491766499884 40.1447703457572
15.5053734987045 40.8754772066272
15.330487377853 41.0638969117536
15.7244891781812 41.0517183739148
13.8253909358632 42.168529798268
13.7750670802964 42.2216759782463
13.2416917373974 42.3921670294306
13.7207500819543 42.3847667444809
13.784547143208 42.4463832608087
13.5880956181385 42.4519164788146
13.59573391202 42.7712795895206
13.921851711328 42.5080023831223
14.249936808453 41.7370482779766
14.4502690761196 42.2429593278749
15.9090113870057 38.3927176308178
16.3737637433953 38.7041964239246
16.4216070150381 39.1014544063876
16.4516544586253 39.0213832111856
16.3059342146484 40.1677646742838
16.4015581591962 40.2254379902452
16.5285233249051 38.7645962534447
16.6841040658369 39.0393454646453
17.0514363832729 39.2433383858261
18.178500718976 39.9066157640201
16.0819404276764 40.6352515138119
16.0178885146559 40.65948719504
16.692071973561 40.432553337476
15.8547730375459 41.0830091043107
16.3655002680063 41.1683169942407
16.3106805387862 41.0892812617346
16.1300325815458 41.8783928416737
17.5829181675001 40.2995834350001
17.6069107983193 40.4336951155829
17.1570748443087 40.9786470182882
17.9924133494985 40.596770489266
17.4314116548196 40.8153592610268
16.3188681890123 38.5878316173475
14.0525462597136 41.8771936448214
13.5568458090693 42.4518072399074
16.320065304716 41.1228769355698
16.1234623531694 41.7974255193401
14.6310434737837 40.6998453259788
14.7948529652373 40.7424212163383
14.8540442047629 40.8576077766618
13.9086312383181 41.3547094446436
13.9422027003133 41.2683255683391
14.7462643839669 40.9737320567841
14.6302021059884 41.0965670160904
15.1999812299525 40.1875254964854
14.8997745305698 41.1512531486982
15.5330650908773 40.991494921763
15.6007968769289 40.9108875844704
13.0725524464723 42.0794919276813
13.3846501103741 42.2521240540882
13.6967726688752 41.8307703615466
13.9535724857562 42.1804792718632
14.0038397539827 42.1157230426249
13.1899601760764 42.550237472433
15.0858438996007 41.4963985743931
14.0395909761443 42.0378993235718
15.3187228722732 41.8572621975592
14.8018125976417 42.0373297980228
15.8395405972649 39.9386591900319
16.3985188677511 39.8677486960436
16.3079891024758 39.9912786933535
16.563041103107 39.1625074036752
16.7126667390118 39.1613745872541
16.8487751466761 38.9931504667152
18.01358441489 39.9705459628874
18.3357237581681 39.8857316669837
18.3906132551566 40.0183240367789
17.4259349163394 40.3915832040868
17.2078827852613 40.5152841834504
17.4947809791605 40.4448295854032
17.5079109928086 40.5405117458168
17.3460063636522 40.5577119211636
18.2569638503126 40.3417517080557
17.9938127873952 40.4071309780762
17.3052451218939 40.894947583041
14.0165961828327 41.0356105055244
16.5567742396493 39.989321823276
15.728860891489 38.0378696010137
13.3624265683126 42.5375035545164
13.4693712254807 42.5690702577104
17.256264622814 40.8506220545378
15.8265103157351 40.0695118919683
13.9105864599526 42.2646567990761
16.5674293152125 39.9498698729919
14.070114975391 41.0047275957784
14.6480908211639 40.86297518366
14.7043133785346 40.8052384594483
14.3253943215516 41.0816289979691
14.4729700636185 41.2484663765568
15.3894269284634 40.0698172226981
15.4148338302927 40.539029461654
15.6745589065517 38.0950921324911
15.6924296675523 40.0004666017077
14.8972754909904 40.7227191908483
14.9683460770098 40.8684673321518
14.9697985080517 41.3427641140865
13.3741522732235 42.1053023211785
13.3143677889519 42.3071923015727
13.9709290987649 41.3956571144325
14.0258062747216 41.7286597319421
14.4420032247385 41.7273671210438
14.2842576672058 41.8333088423422
14.5119664037262 41.8147899747804
14.8672022171055 41.5323979928788
15.0653508440591 41.8101183891068
14.6200261244597 41.9399924389113
14.7488046097508 41.9193106363025
14.6893491150751 42.0516039139932
16.1268969751418 38.5881682937612
16.0569888234626 38.5172326322231
16.2169381594695 38.4585242198571
16.4378490876255 38.4690163367217
16.4803349271734 38.5529095227965
16.0718435996883 39.951798573027
16.0649746188305 39.8187893561208
16.2670912410251 38.9819695344844
16.4569273792484 40.0380667087066
16.37554388443 39.9876073444848
17.1209852756485 38.9500270143299
16.8561730640459 39.406853743759
18.4333724835905 40.0753122968028
18.3867613142324 40.2085779452302
15.9553677782123 40.5303365693061
16.1072865213191 40.7185680808148
16.2236815244526 40.7166131040217
16.0423075673915 40.8004963510083
16.4090211685676 40.6252956302373
16.6683464603625 40.7395799089733
16.4308204423006 40.7927053976572
15.9734716436148 41.2506546751909
15.818242800081 41.6223445281057
16.4130622812873 41.2348527084871
16.4185888449178 41.1423838906261
17.7355200455497 40.4446428008074
17.0963900327928 40.795485319121
17.054385556455 40.6519842662646
17.4302148735816 40.724756834006
16.472909888581 41.2086038603877
16.1800058490326 41.0296675786553
16.2068993425629 40.9642006296134
14.131815967981 41.9280322346029
14.3572452322773 41.2233612491436
13.9332164848475 42.4369802768106
14.3551746479004 41.6843939946544
16.3096442121561 41.2322269718188
17.6478655223147 40.4120802814007
16.2787020609194 38.5415901645388
15.0820357735347 40.3700107890216
15.6403582012626 40.972175635564
13.5415151787332 42.3675700452844
16.3158085621021 40.0623046401949
17.9872480620078 40.2785998714762
14.1267116537869 41.0533339666629
15.8769825514809 40.5900644732275
14.1402290680554 41.3445583497103
16.1061251555314 41.2151197593547
14.1878790880645 40.9892621525227
14.2874702777995 40.8984019445951
14.6315470370252 40.9786247548855
15.4818722664674 40.5293201841398
15.178251772826 41.2240591942943
13.5683755354682 41.8207808363565
13.8133344082324 41.8327410173806
13.6711242879707 42.5257984298096
14.3801209052528 41.8074962588713
14.8405998502678 41.4791294038926
14.9051894883837 41.5841091038159
14.6055671468926 41.7350691827973
14.1905716619861 42.2641557067166
14.0831083329503 42.4529548570365
14.2001799572942 42.3647291699212
14.0822430670031 41.5482293087103
15.8827140818509 38.3356822637291
15.9842483801334 38.6112637117358
16.2303778043404 38.7655988220474
15.9383596052286 39.9047593857554
16.6449741860568 39.3996406805054
16.7761206288904 39.1309959938676
17.0886248668084 39.363540613355
15.9719103701787 41.0161107393842
16.0368771868016 40.9400459648431
16.6662811351476 40.5945850512675
16.7637195251713 40.6401601931831
16.3428758192814 40.8698222859928
16.3369033448405 40.6859603648158
15.8627303674052 41.4333619316123
16.5609606591928 41.1559194981429
16.8547749903379 40.4792710619829
16.7605843064825 40.4245618409667
17.3555811758232 40.4226540934063
17.8520397192619 40.3509499614987
16.9053426672487 41.0139055503245
14.4159035196598 40.9020769127091
15.0599967891939 41.162201568351
13.2263767482943 42.0534576380059
16.442401037177 38.6591587817037
15.2465331933898 41.0181579864383
15.3875708493671 40.9653825838241
13.8635709426855 42.2043273510032
13.7157684909883 42.161987015812
13.7491315689906 42.4956899644643
13.9068089019511 42.56087366212
16.6121786022862 39.0611292084573
18.1017471275619 40.0258742750091
15.8071978906325 41.0051346304763
17.5749849965846 40.3853076616615
13.5722835232194 42.5054111297028
16.2248709179873 41.1313603335416
15.3000176765895 40.1609867964396
13.250667293812 42.5147372496413
14.9099318817802 41.379816047114
13.3175806195485 42.0356704045478
14.8762819405238 41.7034255639445
16.1282290886326 38.6529142279491
16.1097011206893 38.4737644788777
16.8103121111022 39.47702018164
16.2767305108912 40.7415499155414
16.0698943487266 40.8602219247658
15.3202333336695 41.3290114037192
13.5726330573611 42.4054204261335
16.0740517206923 41.1268868076105
15.8792109173245 39.8235522581463
16.7218889954672 39.4358535835125
15.9374539263031 41.0592148474968
15.9123125499134 41.3865829722163
14.3623260844269 40.9387621026914
16.5796282970463 39.1079496863559
18.0668266143024 39.9836128043906
16.2763646037306 41.1708421759527
14.509147262672 40.9133650552358
15.0792345404999 40.2586845222546
15.5229926563141 40.4035622347223
15.6422940651523 40.1347821448777
15.6322968826152 40.3602234261997
15.3215139486851 40.9024410934641
15.5039027849178 41.1053345962431
15.2270925309496 40.8436893394604
13.7571381317792 42.8075718428466
14.3749726803356 41.5835664151487
14.6009543681605 41.5477262148521
15.0976849938268 41.5930222903371
14.7174776466543 41.4799999473733
14.6727061631364 41.8437447853344
15.8988417561868 38.6058887365872
16.2489578786366 38.352880469991
16.4007007464906 38.3806916708113
16.3518562141167 39.0332404765033
16.3813930840614 39.2078656360835
16.2835035344895 39.8685662533913
16.9612918226137 39.0059379549706
15.8963819099383 40.3003045153696
16.0558352907965 40.3135643702521
16.2572951121174 40.3359571023228
16.1708362458431 40.8733054404589
16.5305945903004 40.8572392829194
15.9458305339616 39.6661776393615
15.4966619968249 40.7724431790444
13.7500851909361 42.2902605262345
13.8478083885923 42.4238789002212
13.549219902619 42.7341658269034
14.3409258411203 42.0102023272469
16.4283432391195 38.7276461608645
16.537167946647 38.8350122529648
16.3555521197761 41.0129469699277
16.0700165323277 41.8825982532926
17.9570207951086 40.5321866856051
14.5592014448893 41.1564810052138
15.5657997190814 40.8589194590958
13.1378018608839 42.0935635612204
14.0268024005646 41.9739528932064
16.5450609845279 39.2461423388717
16.7653651580633 38.9815660368551
17.4331556960175 40.4533781357225
17.6002663099395 40.5530652616368
18.30995738771 40.2673963937502
14.6972929899517 40.9088892036066
14.6584471420063 40.7589595338667
14.3397698931023 41.1410907978045
15.7568158410391 38.1553776963107
15.0600215745331 41.0102271300638
14.5337436752663 41.8831966620754
14.8208442142253 41.9578680206181
16.2060325682971 38.577592040549
16.47366115194 39.9457100442466
16.0426511818535 40.7191942254316
16.6173406233143 40.6690622512632
16.6913287117294 40.8405865476899
16.4722630917773 41.0551648893159
17.0274898114704 40.784490212376
17.1134868040569 40.5968803209074
17.4942470011415 40.6844928694622
17.4764382467118 40.7694553801834
16.1075538698361 41.008969716625
15.0539800025284 40.4342597519447
17.9917760808267 40.2078036109514
15.6847932943344 40.5208828179733
14.2313484345087 41.3954578039813
14.0748510816479 41.3358731039744
13.630461132314 41.9124715417584
13.7548303296367 41.8449582077136
14.1815427636357 41.6134653310432
15.9941994511213 39.8578183665816
14.436664300942 40.8265331511317
13.7926915920933 42.5321285829485
16.7712293159139 39.5354583276076
13.8264577898619 42.8097706416951
14.2857085492595 41.5761179099735
14.5952175541995 41.4679885518178
16.4085128877655 39.1573102470883
16.1164673136626 40.3231909560917
14.7220893200015 40.7346188138504
15.9522324624233 40.7293636881641
16.1159370166979 40.2379364846532
14.1062965348028 40.8931943029382
14.8119699541327 41.1138226413436
14.683649194933 41.3132969365887
15.7923616608259 40.3697735944772
15.1634353143294 41.3846104258202
14.0928386543781 41.6670817154913
16.0188084067963 38.0082985135829
15.9674636205897 38.4589211457426
15.9861489832315 40.0796699918095
16.902484584709 39.4785270156927
16.2443915762089 40.5389352495491
17.2331718122053 40.6799734340054
16.9675173611761 39.2983846816821
16.989708706023 39.1326922102192
14.8319512038925 40.9460120860518
14.7034218713107 41.12327933018
16.2324065530871 40.0042161996361
18.3286519005623 39.9663167521363
13.3896609594637 42.4471227580849
15.8656247727182 40.1664335352439
14.9890006891399 40.6402796092597
14.0330371250739 41.804031894362
17.1682120723748 40.8465846979556
16.2384255038838 38.6700317605431
16.8296092822963 41.064307971133
16.5477134075713 38.9774565734916
18.1240610309697 40.165262428997
13.6363988922201 42.3212800743414
13.7001240570583 42.6840768198757
15.2422320823913 41.6422385781536
17.0358958934315 38.9944588343374
16.0614785896816 39.5465783768545
17.8484522698073 40.5742073492527
17.7038747401787 40.5437399404247
16.9387026125851 40.8440514187684
14.7694985800892 41.330822265985
17.2569336657775 40.5920383916606
14.8815733503365 40.9920440030258
14.3522732188731 41.3370262366412
15.3517906573863 40.6277564549952
15.3543638406788 41.193952516335
13.8935058602315 42.0151097579761
16.6049059079835 40.2812829225704
16.0961313551535 41.3103112380693
14.3271283337513 42.2662484301541
14.5024017446633 42.0865756303488
16.6311485133723 40.5001601807205
17.5417558648342 40.3367991801947
17.2134191170985 40.9198637498296
15.0150789938247 41.7377483808348
16.154073844946 39.8312616042766
16.5085381966305 40.6410179609012
15.8674045462401 41.7218133396044
15.615435401322 41.7805648763463
14.1984909423583 42.0063023264439
16.7995528269843 40.5631874598405
15.7430119328953 41.2490488204193
15.8916189180865 40.9796375424252
15.8911409750925 41.2953341083888
15.5667294972289 41.2297961498782
14.7794433254206 41.5367845709005
16.3802132695833 38.913285051817
16.219702811093 40.4140092001076
13.5187797435377 42.6470310071154
14.5650079611736 41.2483356514983
14.2157827175599 41.1395974889002
16.1295423088655 40.0471817477792
15.0731995637977 40.6881525293482
13.8218130036878 42.0653995395888
13.8061847546805 41.9446906183424
16.6898627462228 40.3218643587857
16.4899501990132 40.301723504736
16.5345952144757 40.2153832365845
14.2189743340139 42.1074140751876
16.4126241178493 40.375083660782
15.5092371456402 40.217653105143
14.0230113689863 42.2342653664667
15.2363949219413 41.7660646600667
15.42270913677 41.7988385833113
18.3249075855505 40.1121596870032
16.1976154920526 41.2571182053712
13.5044835787131 41.9235120744061
14.0072904832881 42.4531489738437
16.0495079636398 38.2933587186746
16.6479809269623 41.0851309720492
13.9563365801619 42.6308178071427
15.7495310700358 40.8582923428116
15.2374596424236 40.4761302332272
15.6235153411429 40.6214710990171
15.1931469900149 41.4880550216785
16.882695019339 39.1595022596005
13.5399996540486 42.1794036139463
17.8323843159401 40.4898242420335
17.6614659949999 40.6523083346679
17.0436581080612 40.9045497308877
16.8352270369214 40.8271361206695
15.8078496725004 41.195920987854
15.6688475785194 41.1845285539245
14.1232583696401 41.2218966263487
15.5250076296757 40.1400034678942
15.9700388032255 38.3299995762421
15.6814132398548 40.9022622769931
15.1496887028944 40.4378030561273
13.4544169952438 42.198870555739
16.9335478504214 40.5894231952767
14.5034335615113 41.4936506597737
16.6388968828038 39.5123371341992
15.6511270564625 40.2808469042284
15.0383800720511 41.5526098651029
16.2435204325432 39.364214822902
13.9023303086966 42.3533886806056
16.6264626929221 39.2842296572782
16.4640895276129 39.2233160399721
14.8432209099465 41.8294828449606
17.5582706042214 40.6276637378464
14.163938003148 41.6836139374983
15.9853708520431 39.758122280379
14.3671631368679 40.8480575824838
16.6961094662446 39.5854684817287
16.1918641070271 40.1512125615183
15.7607753699212 40.4611299618258
18.2602386145235 39.919710204912
13.4594392929556 42.3956093085326
14.9828218686206 40.7189857359736
13.9300196595498 41.8706842859035
15.165883120144 41.629599841685
14.7466299923406 41.2238129875251
15.7187338671811 41.8147919513366
15.9065980780546 40.8507884380701
14.6919061691555 41.5701066179735
16.3007602729686 38.9099246363212
16.205356596495 40.4817470084858
14.2770891664714 41.1973962416622
13.8868835323825 42.0819163775084
16.3201509976442 40.4143092936912
13.8855661004466 42.7160621919319
15.8254939443708 40.9132051509959
15.2219379335564 40.5982976752834
17.7793957737668 40.5436355031199
17.1010188435216 40.8650032936471
15.8168235086623 41.2730009775634
15.5838396368241 40.1923784246795
15.4282915728504 40.1607869279699
15.9168267764968 38.1860931130379
16.0478077863759 38.3941707229676
13.5164393747506 42.2736826912902
15.5573471493781 40.3005216374004
16.1407064679477 39.3369193183204
16.4538112454835 39.4148037566635
14.8108403813417 41.8899817744074
14.9186583759127 41.9087737450959
17.5771771458026 40.7134428224633
18.2305747968405 40.0367682910493
13.3805701926146 42.3617923394478
15.1617668027694 41.5554088251839
15.9872483822222 40.8727779156481
15.9223944505061 40.9179200638303
14.2012528986463 41.2164219814407
15.8326278640575 41.3552280346367
15.9220243067215 38.2659625198533
16.4039613501416 39.3161083104041
14.9681578371108 41.8239878607494
17.6223621375 40.7822227485002
13.3186885762443 42.4115344197962
13.4470837539295 42.3155462212897
15.9630298630797 40.8027092474661
14.2614855832191 41.2958545223465
15.6371974247599 41.475386878606
15.8539844456064 38.2302864191819
15.9983961868427 38.2208887734524
15.7460638265995 41.4334441194108
15.3142889002433 40.739265071204
16.1684755290198 39.1680901978062
15.8604633214748 38.0456870638033
16.48722161663 38.4256307703103
16.2222754290828 39.0362389162832
14.3178337994129 41.7670888847541
16.7834969963113 40.3628516901929
15.3163573700235 40.9899138900311
15.3317918685775 40.102721239238
13.4232825566279 42.0075905301849
16.0557508113352 38.6337756597688
16.1488527126516 41.1496419655956
15.8771187990193 39.8872206654963
15.0154008454915 40.2895034327594
15.4467226219263 40.8109774226438
16.0157007135104 41.7891601500492
17.3967664382272 40.5115469533375
15.6990431432041 38.1872302636602
16.495973967117 39.8811688544641
16.6099262737997 40.8389193349863
16.6481840971143 40.9590528736854
16.5852386075438 40.9129399669641
16.5620997290365 41.0105429108587
16.4004982219809 41.0711260230659
14.1739060637896 41.4290896786252
14.5005890194948 40.8468405110299
15.2428614392465 41.3597075419096
15.3303628962278 41.4674025880328
15.303542350551 41.3997994121673
15.4244607233161 41.3909487745529
14.1159445105385 41.6051233517358
16.0676985867129 38.0936775956323
15.9957672697956 40.2041326581747
15.9060580363238 40.0788594530801
16.3207214728899 40.5935245091547
17.1710056913765 40.6417737503781
17.0374567249396 39.3135172990831
16.9726654437973 39.2147418797872
14.7712140309581 40.904559615992
15.8118305823635 40.1317896499143
15.873162478003 40.2351704800282
16.2599191881296 38.6106044322917
18.2008674724559 40.2457093545241
13.634514433544 42.3860846068946
16.2932195201153 39.6132293247763
17.9090064995441 40.6127454360848
17.3216224815683 40.6271681700975
14.3951525133311 41.3827117507995
13.9665682922769 42.0153051525671
13.9302179815664 41.9475628904391
16.6284975389893 40.2034776037727
14.258187352423 42.3084417316455
14.5276671378927 41.9863647056563
16.5824158232231 40.3949912304427
17.4909310565179 40.3789272699483
14.946532367146 41.7171419985646
16.1295687017175 39.6818318291924
16.5747762320537 40.5748829168239
14.2326840757396 41.9495598737917
16.3961803318143 38.9803890793637
16.470944902125 38.9271475755065
13.544759202829 42.5759292452929
13.6143354200252 42.6416484173948
14.6445073725896 41.1971993110443
14.6159379482251 41.2961404163027
14.2023702690034 41.0643297093556
16.1312692232795 39.9809941179146
16.0577593224952 40.0630448636256
15.0908413599127 40.5591432093793
16.4692792642268 40.2363222269879
14.1687334059208 42.0649613139613
14.268710205617 42.0447078422323
14.3583722603861 42.1395372623783
14.2909833532323 42.1134512269743
14.2480046176807 42.1936187606334
15.2083792750315 41.8403928611729
18.3109623481287 40.1891549284035
13.472511426743 41.8628030521602
15.2893678447819 40.322653543086
17.6555844537416 40.5874438979995
16.8935450455181 40.7953407320456
16.8732645388493 40.9194022230129
16.760692258016 40.8061993234529
16.7691339726084 40.9103786723956
15.6005241185605 41.1682159634802
15.7321357307858 40.968578820767
16.8716076322265 40.5504759710355
16.8613894173104 40.6354539631519
15.9452796576873 39.8119115129226
15.9124909595858 39.7349895264755
16.23814886289 40.0848890632578
15.8745725452746 40.4493364857875
15.7785623838055 40.5619340812587
14.828058682313 41.1977830127329
14.9029762884141 41.2347202386936
14.8341501387042 41.2798721727452
14.901501978959 41.3075055366437
14.8398637639251 41.3536161553998
14.7731520259719 41.6518985614277
14.8264463506012 41.5970823305954
14.6262736249449 41.6408310735248
16.4111380151379 40.5001941867355
15.4481377030356 40.0985212901351
16.1425990027383 38.3453490219232
16.0323387836922 38.457198218722
15.981990644563 38.3947248160189
13.5976787052739 42.2439009586439
13.6268058193323 42.1598135510011
13.5717706471949 42.3091969465006
16.5439469402245 39.3545544366177
14.941850277971 41.9715563527247
17.6436763167417 40.7164545552702
15.0260396121008 41.8821214622237
14.906484968894 41.844824438536
14.3239286484557 41.2788451302187
14.2879335199677 41.358217890534
14.2061907138148 41.3334848188461
15.7928082211015 38.2091657965174
16.0973341804181 38.2053686389055
15.8682691220232 37.9750370085456
15.9376200370288 38.0184555142248
15.9236631470644 38.1018327097907
15.8428511763865 38.136743260226
15.7868577957258 38.0861515111749
16.7377230872654 41.0137033271916
16.4752806491429 40.948495841106
16.6274288548549 41.0220586402693
16.5421283770964 41.0830791853546
16.0487600893685 40.2462462237133
15.9777043490712 40.2877451282908
15.9824578506468 40.4044853139669
15.9414085370734 40.1483020358793
16.2665799151512 40.65063689171
17.0223840373904 39.3794863373104
16.4064881050032 39.6614194460703
13.9916173482942 41.9127871819743
16.6794464594527 40.252166033044
14.6055485896956 42.0263189138407
14.6259491962922 42.1102164056201
14.5532883358349 42.1552925336537
14.4710376337091 42.1630013919802
14.4366482928331 42.0167072841626
14.4539127995863 41.9284374295107
16.626789151675 40.3446894382087
16.1185763926665 39.7603586687347
16.0527815872123 39.7111158295803
16.2495983546774 39.7386665465962
16.0655544229275 39.6292923906372
16.1875098448657 39.7701845773261
15.9884092779353 39.5916363834241
15.9211688711357 39.6026593003499
16.5393698686556 38.9064617518152
16.6474885202993 38.929742992006
13.6336360471332 42.7105681769444
13.6157263246545 42.5704864790508
13.6887747881998 42.6043603689878
14.5536697613412 41.3152492670332
15.0561754444798 40.6201136089922
14.9993129841998 40.5526652216863
15.0998885056515 40.4885909596427
14.1826167480765 42.1990284641225
15.2244674575508 40.3862196488046
15.2674473924349 40.2400253752523
15.3642680671189 40.2336932359813
15.1770346655624 40.2866129027625
16.9599065322628 40.9285559747645
17.0236905353092 40.9929849490308
16.6988848771437 40.9104280985088
15.8851921279441 40.5195392521951
15.8149255779385 40.4287136598527
15.7887484824817 40.7125330008833
15.8648288692848 40.6743271565733
15.8640751464309 40.7676796903523
15.7980781683676 40.636258026741
15.7078266858708 40.6639268578468
14.6999380324509 41.6433760594804
14.7247707860208 41.7487859367618
14.5620513157835 41.6492654132331
16.3818338864404 40.5622669617661
16.3844649245689 40.437313266085
16.4861799888448 40.5523868193181
16.1141122178654 38.4064728571026
13.5556912371278 42.0468152551616
13.4780355241445 42.10484756155
16.0396708823598 38.1608915477949
15.9730701029958 38.1482488182782
16.1844044874435 38.2111840103535
16.2090004825347 38.2855313767465
16.1207691613597 38.2750993070599
16.71051220124 41.0716055330595
16.8154787446899 40.9809043793516
16.468130480377 39.6876451956818
14.4236717290177 42.0947942187296
14.385632760823 41.9530326016991
16.7130947181727 38.9404877646033
15.4460535806482 40.3097344343177
15.116484402214 40.3134456035633
17.0877117298073 40.9609683148725
16.9694165984795 41.0311645400579
15.8169488727693 40.5031894066932
15.8242075785509 40.8349871270622
15.7009365349573 40.767062186665
15.6905282864822 40.5933358256209
16.4998802583839 40.4526451629615
13.571278084884 42.115882643376
13.6611852607257 42.0593002745918
13.4259409439059 42.0701346375184
13.4869422824981 42.035792603184
15.9957254526079 38.078203791456
15.1574841436114 40.3691100041444
17.0921136522508 41.0251172674489
15.7721119973991 40.7837114515482
16.5079725567456 40.3763252123399
16.5697350287424 40.464742433671
16.2569192138136 40.2235252001339
16.5247712389254 40.0504016785633
17.9359477372716 40.3452436565187
16.4972527581235 38.6188459982561
15.462650382391 40.965442882614
15.2384129720314 40.9307453661824
15.1546202202704 40.9826127940974
15.1700431900687 41.079339142393
15.0785162625287 40.8977437001105
15.1621479165386 40.8963985422722
15.1192879227133 40.8321527928244
15.1358350193103 41.1484139957047
15.0853553034883 41.0862184828777
15.0962277329636 40.9584180222886
16.4389324226688 38.8257477341072
16.3793592796251 38.8492494361596
16.3257206581332 40.9434653890608
16.4012987788795 40.9222516136223
15.6783658027059 40.4460102805759
13.9980737198941 41.322627046182
14.0298825688067 41.2340050846063
14.0822497879507 41.2717475902119
13.9543532173964 41.1702071456041
14.0646960894574 41.13638017848
13.888974564263 41.2119225076823
13.9714685335768 41.0964318040042
14.1404463827575 41.1282689768216
14.0669949350615 41.0734183956812
14.2764252508463 41.6584952810862
17.0500429216189 39.1715742605614
16.9212809762989 39.081470439298
14.9159645416427 40.6512651477029
16.5471738484987 39.0445420473606
18.0866834782352 40.0997658676595
18.1704880996966 40.0953538625948
18.2466523017775 40.113363675119
18.2391905597381 40.1848747375385
14.9060691365491 40.9169911341304
14.9871515861495 40.9568288729626
14.9920757735835 41.0265292574914
14.3367017970934 42.3414252203521
16.554068364127 40.6894567842277
13.7186745137176 41.9266636075715
13.7463352700262 42.0138055228643
13.7480798391263 42.0914087852281
13.6645280051304 41.9819718994482
16.4272751781037 40.3130934901994
15.195498754877 41.7020861922949
15.5215156825458 41.8154715398331
15.5899427820297 41.8557778720422
15.5032108886375 41.6224174123866
15.6584487284673 41.8482011366923
15.538176934792 41.7164969059134
15.480443035781 41.7576677446124
15.375256073067 41.6712295502987
15.6498283821996 41.621462408266
15.5766935748471 41.6486440495943
15.5707071600846 41.5493605243079
15.638225557566 41.7022228180242
15.73375887382 41.674734369744
15.4546211348442 41.5098181051148
15.6440126397191 41.5483814319057
15.7342657001018 41.5779710396754
15.8028496160078 41.6918358246943
15.8008218676113 41.7806989733909
15.7014210565148 41.7420999665653
15.5385519947008 41.4535894808865
15.5038928329751 41.5553395610537
15.8112346212458 41.5339572161719
15.8979038067371 41.8233849378942
15.4703643782398 41.4425626848336
15.5199564696681 41.3522376375465
15.7441998731601 41.506036976557
15.4337335529977 41.2766798741626
15.4578396596516 41.3361467569403
15.4457766705746 41.1856876986775
15.5176529603694 41.1764815366483
15.4210488270244 41.866599189492
15.3332584931925 41.7613810011718
15.2820436494701 41.7061659178912
18.3935556373804 40.1361701203572
13.5650124451082 41.8899230993684
13.5743089959778 41.9691983936309
16.6441765324203 41.1613660275329
15.3161778151022 40.5356919460455
15.2901160497588 40.5986935063302
15.2510782799825 40.5399302774004
15.1690143468605 40.5333113897632
15.338261682348 40.4247066245307
15.3003229466452 40.4748473576786
15.6173410019642 40.548750443026
15.5932492943068 40.7248201466883
15.6601940787441 40.71254249054
16.8395579540209 39.1073015429337
16.8576884825701 39.252729043302
16.8976387194359 39.3115546413256
17.0060550285987 40.8484952568909
15.8717731595315 41.2269625072563
15.740025208791 41.1697683356581
17.0125789593868 40.5847538616679
16.9769498544426 40.6528688823095
16.7084460417386 39.5045357114662
13.9859454963689 42.3174060380103
14.0256199202172 42.3807170783734
13.8895778169611 41.7966631671718
13.9623482549105 41.7800848540072
13.8586295835454 41.8918368971777
14.7611350477402 41.1580269079676
13.9439471736288 42.749344709094
13.8839415847602 42.7805335454344
13.8289045710975 42.629257981352
13.7555143833083 42.6355247470657
13.8442821511102 42.5682093388103
13.8923796626604 42.6497195945144
17.7590697583006 40.6387807578454
16.1618142810252 39.4646949374243
16.0820432244111 39.4269917268243
16.1002614853839 39.4916861338828
16.1746110072512 39.577558031423
18.3063137929226 40.0387127846943
16.344157022422 39.4082517821796
16.3057362340725 39.2801139019306
16.3395729692846 39.3397972883669
16.2119616013483 39.2758050489504
16.2888020832818 39.1871222994114
13.3152699823205 42.4832991412112
15.7414226142182 41.3412980301191
15.6672842433407 41.3912221589917
15.5882321695571 41.3920925847315
15.5908662563344 41.3091709311616
15.6621831047136 41.2670743152902
16.1279706231969 39.1188026285166
16.1003339410384 39.2065224010456
16.1411456985293 39.2653349471139
13.4403295469277 41.9428038583719
15.9531657809694 41.7299148463831
18.1310177312091 40.3509107135798
18.1458186398847 40.4220306323126
18.0656444370878 40.3869016190796
14.6858188641781 41.2479183792819
16.0989499020327 40.1464650330889
15.1417835256829 40.6276245042278
14.3179916885622 42.1967879688404
15.8693647995849 40.3724626050387
16.1926365601303 38.3934842856867
16.4716067487015 39.3438784422012
16.6081816464097 39.346351966714
16.5611961683941 39.4516349317322
16.5474430971636 39.5493200637538
16.4876544797375 39.4910917234763
16.457924762294 39.5814275954923
16.3728556843864 39.5832595812337
16.2981899682908 39.5056466668893
15.7911312313572 37.9899598030181
16.4260528832045 41.0004804442743
16.0458498840746 40.3805756608461
15.9430366862183 40.4618409837869
16.0189297550246 40.4835359019086
16.1959463211662 40.6066129418016
16.1748153653231 40.5422328888018
16.3881901816662 39.7640312356198
16.4299615796712 39.812244458338
16.3406769598348 39.8211358523881
16.3282188499513 39.7003996828002
16.6015657184564 38.880316154576
16.6158045727611 38.9916658231947
14.6612796440579 41.7757272025292
14.6692767565986 41.7062293519557
14.8005213441902 41.7260889857879
14.7550665495008 41.8271492652098
15.4379453133142 40.2364527350808
15.5046022221808 40.3401834097088
15.3673925471768 40.3123352084728
15.6434106086652 40.8277649279371
15.0323928333399 40.8493817926306
16.4540786786474 40.8661424880063
15.4184068633165 41.5922291505116
15.3229843061709 41.5913933089741
15.2467069491075 41.5539955745966
15.2630051452367 41.4860352165434
15.3797081827215 41.5260611819656
15.8044207585656 41.4669908911945
15.8297075300747 41.873086727927
15.9749885155535 41.8688670776505
15.3606304362508 41.2673781128377
15.5089128443593 41.2778644739304
15.4292363825298 40.4019836225939
15.3973791958983 40.4679153796228
15.5310208823955 40.7203696843848
15.5709105687897 40.6621719202995
15.5647871115731 40.7888531189976
16.1800375661259 39.3960532977889
16.2443914377373 39.4451601358096
16.2229159685175 39.5184293376262
16.2155326039906 39.6565167752364
16.4008921227871 39.3795955581835
16.2237676110607 39.2084033792926
18.1917444397783 40.3154414829266
18.1065464537523 40.2588732281808
18.0629820885275 40.2022784490067
16.0271307830597 40.1391059568178
16.3918212322031 39.490292539777
18.0541645860873 40.3126862758116
17.0374660306326 39.0718162843537
18.1700360575272 39.9854961715887
13.6822134617394 42.2396909978996
16.3216114450796 40.500536933701
15.45324289921 41.6835473909867
13.7924164713123 42.7212076822352
14.338444709 37.0012512220001
14.3754177090002 36.9651412970001
14.4368066780001 36.8837509160001
14.4601383210001 36.827640534
14.4937486640001 36.7859687810001
14.556529998 36.7823600770001
14.6309709540001 36.7651405330002
14.6720819480001 36.7418060300001
14.6876392370001 36.7215309140001
14.7448616030002 36.720695495
14.7570819860001 36.7098617550001
14.8031939990001 36.709305
14.8529176720001 36.729583741
14.9120817190001 36.7237510680001
14.9559707630002 36.6934738170001
15.001298905 36.7026405340001
15.023750304 36.699584961
15.0579166410001 36.6618042000001
15.084027 36.64986
15.1315280000001 36.6668050000002
15.120973587 36.7415275590001
15.0945840000001 36.7837490000002
15.1068090000001 36.8404160000001
15.1373610000001 36.8670850000001
15.1584720620002 36.919582367
15.1873598110001 36.9468040480002
15.3026390080001 37.0151405330001
15.2804183960001 37.0343055730001
15.3015270230001 37.0804176340001
15.2943086620001 37.1073608390001
15.2379159930001 37.1154174810001
15.2043056500001 37.1548614500001
15.1823600000001 37.2065280000002
15.1948610000001 37.2262500000001
15.2562500000001 37.2426410000002
15.2243050000001 37.270416
15.164029 37.2884710000002
15.1351390000001 37.3098600000001
15.0993060000002 37.3165280000001
15.0904169080001 37.3596763620001
15.091526985 37.406528473
15.084304809 37.482639314
15.1159734730002 37.5306930540002
15.1451390000001 37.544861
15.1765279760002 37.5754165640001
15.1748590480001 37.6326408380002
15.1995811460001 37.6548614500002
15.2190265650002 37.7084732060001
15.2045790000001 37.7407000000001
15.2587280280001 37.8083343510002
15.2687511450001 37.8312492370001
15.3073606490001 37.8795814520001
15.4406948090002 38.024307251
15.4776401510001 38.054862976
15.52013874 38.125972748
15.562638284 38.1837501530001
15.55819416 38.1976394660001
15.5859718320001 38.2484741210001
15.6520833970002 38.2654151920001
15.574858666 38.2848587030001
15.5504179010001 38.3009719860001
15.5212488170002 38.2984733590001
15.4529161450001 38.2529182440002
15.3506917950001 38.2162513730001
15.2918062200002 38.2062492370001
15.2284708020001 38.208751679
15.2156915660001 38.1884727490001
15.17068863 38.1506996160001
15.1140270220001 38.1268043520001
15.0606927880001 38.1281890870002
15.0473623280001 38.1509704590001
14.9690284730002 38.152637482
14.9468069090001 38.1770820630002
14.9151382450001 38.1926383970001
14.887915612 38.1712493900001
14.855139733 38.1690292360001
14.787638665 38.1518058780002
14.7387514120001 38.1579551690002
14.6751384740001 38.0970840460001
14.6306953430001 38.0704154970002
14.5562496180001 38.060138703
14.5295810000001 38.0437510000001
14.4737490000001 38.0329210000002
14.4234720000001 38.0401420000001
14.374028206 38.0162506110001
14.3423624050002 38.0195846550001
14.3137493140002 38.0087509150001
14.228749276 38.010417938
14.1842460630001 38.0198593150001
14.154859544 38.0243110660001
14.1070823670001 38.0148620610001
14.0640287400001 38.0190315240001
14.0340290070001 38.040695192
13.9818086620001 38.0293006900001
13.951807022 38.031528472
13.90263939 38.0065269480002
13.834859849 37.9826393140001
13.7451391220001 37.9701385500001
13.6229160000001 38.0101390000001
13.5406923290001 38.0581893920002
13.5420818320001 38.088470458
13.5106935510001 38.1179199230002
13.4904193880001 38.1018104560001
13.4409700000002 38.09486
13.384307 38.108471
13.366527 38.1268040000001
13.376806 38.1515270000001
13.3584700000001 38.1920810000001
13.3256940000001 38.2040290000002
13.3181910000002 38.2251400000002
13.2729158390002 38.1981925970002
13.1931915280002 38.1695823670001
13.1601400370001 38.1859703070002
13.1045789710001 38.1915321350001
13.0559720980002 38.1318054210001
13.0776395810001 38.0881958000001
13.0526399620001 38.0723609930002
12.978471756 38.0409736630001
12.894860268 38.024028778
12.8290290840001 38.06513977
12.7901380000001 38.1101420000001
12.791528 38.1351390000002
12.767639 38.1623610000001
12.7681900000001 38.18042
12.7154170000001 38.1784710000001
12.7362500000001 38.1373600000001
12.710692406 38.109859468
12.662638664 38.1131935120002
12.6437492370001 38.077640533
12.6104173650002 38.0654182430001
12.56097126 38.0654220580001
12.5104180000002 38.0176390000001
12.537918 37.9931950000002
12.4981950000001 37.9670830000001
12.4659720000001 37.914028
12.4840270000001 37.8579180000002
12.4648600000001 37.847916
12.4626380000001 37.8162500000001
12.442082 37.7890280000001
12.4720830000002 37.7437520000001
12.4709700000001 37.7048610000002
12.5193061830001 37.6601371770001
12.5643053060002 37.6618042000001
12.6140289310002 37.635971069
12.62902832 37.6012496950001
12.672915458 37.559581757
12.7806930540001 37.5809707640001
12.859859466 37.5829162600001
12.8962497710002 37.577079772
12.9476375590001 37.5709724430002
12.987360953 37.5423622130001
13.0143051150001 37.5093040460002
13.039029122 37.4951400750001
13.0776395810001 37.5054206840001
13.131250381 37.4923629770001
13.1731920240001 37.4895820620001
13.2143077850002 37.4618110660001
13.2606954570002 37.4159736630001
13.2729177470001 37.3887519850002
13.294859887 37.3890266420001
13.3220815650001 37.3634719850002
13.405139923 37.3312492380001
13.447360993 37.293193817
13.5520830160002 37.2870826730002
13.58263874 37.2595825190001
13.6387491220001 37.2301406870002
13.658748626 37.206249238
13.750417709 37.149028779
13.8234710700002 37.1445846560001
13.8584720000001 37.111526
13.9034710000001 37.0948600000001
13.9768090000001 37.1090280000001
14.0370826720001 37.1070823680001
14.070693017 37.1104164120001
14.1576404570002 37.0956993100001
14.2423601140001 37.066249848
14.297919273 37.035140992
14.0375928890001 37.143463136
13.9839820860001 37.1927337650001
13.9920148850001 37.2215919490002
14.0287540010001 37.2760240000001
13.9951429370001 37.296268463
13.9622402200001 37.3314590450001
13.9277763380002 37.3317375180002
13.8823518740001 37.3609695430001
13.9091234210002 37.3883705140001
13.896266936 37.40461731
13.8629078500002 37.4044122040002
13.8272695530001 37.4335212700001
13.776064873 37.4416046140001
13.750457764 37.428985595
13.7024078370001 37.443782806
13.6578483590001 37.4729194640001
13.691084862 37.5019073490001
13.6907367700002 37.556728363
13.6685523980001 37.575641632
13.766344071 37.5982971190001
13.8113393790001 37.6429138190001
13.8242216100001 37.6761856090001
13.8011741630001 37.6892738340001
13.7631454460002 37.680534363
13.7332506180001 37.6840553280002
13.6962432860001 37.6959991450001
13.6728401190001 37.689888001
13.6561079030001 37.6593208310001
13.6019287110001 37.6570854190001
13.5644159310002 37.63658142
13.5177373890001 37.6428451540002
13.5090827930001 37.6601295460001
13.4270591740001 37.6443290710001
13.3847351070002 37.6544837940001
13.3919096000002 37.6177177440001
13.3819007880001 37.6006469740001
13.3998031620001 37.5575675980001
13.3595457080001 37.5431365970001
13.3214235300001 37.589210511
13.3346328740001 37.6098403920001
13.3223352420001 37.6509323130001
13.2765131000002 37.6483345040001
13.254673004 37.6192626960001
13.2131586070001 37.6415596010001
13.214557647 37.6754035950001
13.1885004040001 37.6927528380001
13.1447238920001 37.6900901800001
13.1269540790001 37.701801301
13.0812492380001 37.6950721740001
13.0474224100001 37.713119507
13.012836457 37.7437553400001
12.965015411 37.7303695680001
12.9185600290001 37.6903953550001
12.8909530630001 37.6417274490001
12.9156532280001 37.6378402720001
14.4447946550001 37.0540695190001
14.4289455420002 37.092792511
14.4526433950001 37.0974235530002
14.4758796690001 37.138034821
14.4328765870001 37.1840591430001
14.402864455 37.178512573
14.3759790260002 37.2069661030001
14.3814151300002 37.2849882850001
14.3530410000001 37.2801440000001
14.3533410450001 37.3072619930002
14.3165250000001 37.304131
14.3175190000002 37.3279500000002
14.2679940000002 37.3334050010002
14.231751 37.3487130000001
14.1669030010001 37.3250850010002
14.1275911330001 37.3399505630002
14.084169389 37.340454102
14.0847275290002 37.363559388
14.0671091070001 37.4045028680002
14.0712499610001 37.4232635500001
14.142787933 37.4784355170001
14.127320291 37.5190696710001
14.1407756810001 37.5534553530001
14.1399059300002 37.5827484130002
14.1600313190001 37.5868415840002
14.165102959 37.6133308410002
14.1357288370002 37.6178245540001
14.0787706950001 37.6453248760001
14.0427560000002 37.645721
14.020583152 37.6199798580001
14.0281057360002 37.603477479
13.9572553640002 37.5867118840001
13.8999986640001 37.6192626960001
13.9051685330002 37.6585845940002
13.8641740000001 37.6907879990001
13.81459 37.7057500000002
13.80256575 37.7437516170001
13.749959001 37.7047730000002
14.4140043270002 37.0312004100001
14.0413100000001 37.6620940000001
14.07852 37.6889800000001
14.089911 37.7086790000001
14.0442480000002 37.7270160000001
14.012842 37.6908910000001
14.0187170000002 37.6585390000001
14.794541359 37.1331787110001
14.8374309540002 37.1256256100001
14.835297584 37.1638336180001
14.8716306690001 37.1903152460001
14.828053474 37.1970481870002
14.8213605880001 37.2087287910001
14.774155616 37.2232398990001
14.8119287490002 37.2577400210001
14.8473434450001 37.2605857840001
14.8565759660001 37.2807884210002
14.8835258480001 37.2873954780002
14.8914537430001 37.3127517710002
14.8440637590002 37.3256607060001
14.8052835470001 37.3166618340002
14.7791156760001 37.3309822080002
14.839263917 37.358894348
14.8436250690001 37.3800468440002
14.8784408580001 37.3907051090001
14.8934135440002 37.411388398
14.9227676400001 37.4135398860001
14.9822292330001 37.3752441420002
15.0332345960001 37.372413636
15.2102317800001 37.8612251290002
15.1506462100001 37.8969345100001
15.1115350730001 37.9072761550001
15.0500240330001 37.895961762
15.0029087070001 37.8989372260001
14.9563541410001 37.912479401
14.94190199 37.951896806
14.927582 37.9613610000001
14.857435073 37.9279139440002
14.8020420080001 37.9543533330001
14.7632122030001 37.934558868
14.7609863290001 37.869602204
14.7895450600001 37.854011536
14.8032026290001 37.8174781800001
14.7429456710001 37.8192443850001
14.7451705930001 37.7907371520002
14.7168617240001 37.7683296210001
14.7289310010001 37.7446100000001
14.7155460000001 37.7055889990001
14.7250939150001 37.6824721500001
14.753065051 37.6877250320001
14.798809051 37.7116699220001
14.7931041710001 37.6538772580001
14.822297097 37.6385841370001
14.8262901310001 37.5880813600001
14.807394981 37.5808753970001
14.8001136770001 37.5338325510001
14.7872381210001 37.504806518
14.7646312720001 37.5054855350002
14.745073318 37.5274543770001
14.681936265 37.559001923
14.5979108820001 37.536933899
14.5804367060001 37.548713685
14.5448980330001 37.5439949040001
14.5239520000001 37.5177270000001
14.5253362660001 37.4639434810001
14.5539550780001 37.4466133110002
14.5887260440001 37.451229095
14.625267029 37.4351997390002
14.6158981330001 37.4128417960001
14.5818586350001 37.403533935
14.590799332 37.3751945490002
14.5705852520001 37.3615264890001
14.5431346900001 37.3650360110001
14.4945678720002 37.3476753250002
14.5222230000001 37.3254010000001
14.4997780000001 37.309509
14.4560520000001 37.3110350000002
14.433206559 37.2936248770002
14.4756231320001 37.0529136650002
14.5209436410001 37.0728416440001
14.5640554430001 37.0524520880001
14.6109857550001 37.087501526
14.7032365800002 37.1188278210001
14.7256832120001 37.1031455990001
14.7661933900001 37.1003913880002
14.7937364580001 37.110603333
14.7044696810001 37.8128967300001
14.6796607980002 37.7966537480002
14.6438369750002 37.8085365300001
14.59386921 37.8139190680001
14.5531606680001 37.840816498
14.5740098950001 37.8626747130002
14.5587272640001 37.8792495740001
14.5051193240001 37.8512496950001
14.4934949870001 37.825885773
14.4069671620001 37.867481232
14.3910160070001 37.8536911010001
14.3274192820001 37.8387565620001
14.2806539530002 37.8412094120001
14.2630367280001 37.8219985960002
14.269192696 37.7770919800002
14.291687013 37.765350342
14.2946376810001 37.7440338130001
14.2692499160001 37.7056655880001
14.2172009570001 37.678833497
14.1623630530001 37.6706962590002
14.164166004 37.6382900300002
14.2148838040001 37.9730491640001
14.2538509370001 37.936260223
14.275218011 37.9053649900002
13.0045127870001 37.9928207410001
13.0336952220001 37.9706726080001
13.0477390300002 37.9403457640001
13.0245590210001 37.903423309
12.954839707 37.8982048050001
12.9592914580001 37.86592865
12.9436237140001 37.8460041660001
12.9729270940001 37.8254165640002
13.0564327250001 37.811866761
13.089322091 37.7715072630001
14.9884181460001 36.7493333120002
14.9893579480001 36.7776489260002
14.9543109990001 36.8045159990001
14.8912048330001 36.825206757
14.8550580000001 36.8288189990001
14.8646460000001 36.8663480000001
14.8868560010002 36.8693470000001
14.922945999 36.8494070000001
14.939276 36.8647959990002
14.8840484630001 36.9009895330001
14.8974940720001 36.9264338440001
14.8877960000001 36.9896390000002
14.8543260000001 37.0362820000001
14.81889534 37.0615081780001
14.8172254570002 37.1102523800002
14.7932411323742 37.1848587987215
14.8538440971812 37.219583778244
15.5230003730557 38.1787229666687
13.9976955572113 37.5962814018722
12.7369612900239 38.1792666686423
14.7801563610326 36.7481986120698
14.9092467920993 37.9180528710016
14.9602371979008 37.9952049349984
13.3618859670694 37.6238514535247
13.4185609061249 37.5906222078536
13.5447632446549 37.6671864199015
13.4721898044427 37.6308476348652
13.9464617539212 37.4311274680817
14.1194872339573 37.4027793034706
13.1101968348515 37.6570377468123
13.1637601030815 37.7383117136784
13.7762623755 37.7242623085001
14.350586067603 37.7626407606478
14.7931884109352 37.3794198761612
14.5674207268636 37.5105552156706
14.6209068749359 37.5898967559145
14.3618429178658 37.903556326793
14.4371655774942 37.852964318469
14.8286568160601 37.553499560544
14.8063786754038 37.6119162925511
14.0186409044939 37.4250380852538
13.2985111631188 37.6184252561301
14.0222110525676 37.3535101752556
14.214295627014 37.6276746891261
12.9240560014592 37.8775138172972
13.6934759764157 37.6587289800419
13.6680791430643 37.7559884018764
14.1200626613502 37.6781007820479
14.2974680487212 37.8038433214468
14.2307512652251 37.8692892106199
13.3260304854402 38.0697406893926
14.4328631041064 37.1356942127095
14.7168185376349 36.7600266541832
14.8508648358724 37.0870040961936
14.6175121165892 37.3139066404084
15.0167310952692 36.7320207319096
15.1483113653423 37.2419330362215
14.6110189157297 37.9121313944896
15.2588713008447 38.1754280723505
14.8477823108982 37.428659937361
14.7741055205352 37.4442463659273
14.6580464289063 37.6683098390418
14.6808117239388 37.3987822839618
13.0479332644723 37.5393433128576
13.7131090656707 37.2720708036321
13.6479811377946 37.5290452693321
13.7294397964201 37.5897474717004
14.034733599009 37.1941539381764
13.9102586107233 37.2288020837915
13.7920779685252 37.3768189980606
13.7404908121217 37.4815020908602
14.0790309703976 37.5662815101751
13.1077965067015 38.0129329512523
13.7430484086832 37.6385718595231
13.3319617466453 38.1556734140774
13.9610260889739 37.9525514539684
14.1619393474526 37.9718278938107
14.4583408945607 37.0036690691339
14.67408113937 37.0531908765598
14.4029373461946 37.3570378002718
14.4761924136676 37.2609130157477
14.7444926672348 37.1539738940763
14.769761244827 37.2828199993665
14.8261883205281 36.9478394372553
15.0912760454223 36.7002177099138
14.9557960701645 37.278716994279
15.2488754690564 36.9832699842091
14.6858054193271 37.7375967910978
14.7474574992438 37.6404863892095
15.0073540544406 38.1122688949607
15.5394317058339 38.2577154096891
14.3482176765061 37.9609182234717
14.9022947869798 37.4915399337136
14.701399517866 37.4688831530012
14.5538113050719 37.2569913377906
14.7617492105284 37.5949180003827
13.9446074822654 37.2819955861872
13.8792414499404 37.4607800261068
14.1831343430767 37.5170546312855
13.9619453271557 37.6649389192179
12.9204901003025 37.7819286223439
12.6600084252588 37.9817380291488
13.1453983434437 38.1147156057206
14.0183186808464 37.9873360454512
14.3932738020001 37.3004434350002
14.4095884921523 37.275648111703
14.512587021501 37.4105941008307
15.0951241974217 37.6107159055372
15.1351551022906 37.7016773569046
14.9215566771738 38.1318054691416
14.9116592054593 37.2346794452741
13.5079127965139 37.7597760839241
13.2482654375448 37.7542727515351
14.4636629904626 37.5872866086694
14.553459730867 37.6157000129154
12.8986144904295 37.9486105070563
13.7283995267439 37.7613649131166
14.5834067632283 37.9860508622642
14.0255329600326 37.5464960618254
14.4611728859452 37.9415730445017
14.8453976152298 37.4986571615422
14.9108949164458 37.576499598771
12.8845179007057 37.8311297134032
13.3742597730107 37.4463300136114
13.157784490902 37.5748778010566
12.7138715527148 37.6585018761178
14.1050252292186 37.266470265792
14.2219224528219 37.2748848676246
12.5322140774861 37.7225697158149
13.1035232403133 37.8795868370178
14.3211506768169 37.1282307573284
15.0190548048094 36.8526793674984
15.0995845698362 37.0110127262139
14.740387062846 38.027316264664
14.8583693008757 37.8589211362247
15.1589495735552 38.0074652156012
13.498226487823 37.5235641876417
14.1527878972907 37.7405241476711
14.9093438246322 37.1289922246384
13.0227544022711 37.6261581418481
13.639484872889 37.3534703611046
13.7608096735423 37.5382632913802
14.741416781888 37.0352639504324
14.7686753961408 36.8708775189118
14.2911100888011 37.43869252732
14.0789471076563 37.9487083736887
15.1047099112583 37.8023358708101
13.4255714838797 37.7314075099664
14.2896509637634 37.2234318913279
15.0719627405956 36.9111705483456
13.2370943784187 37.5398693084818
12.5691791667015 37.9023684083423
13.9384411786441 37.7872870809972
15.0119165053106 37.449234690396
15.3933412930798 38.1191764499297
15.0309832552763 37.9689726320015
14.3462336991904 37.6823098933916
14.699952258334 37.3213683814612
14.6113337151162 37.7414230931039
14.4130838854464 37.7893906798867
14.8749412672391 38.044828849975
12.5414592567925 37.8021132022409
15.1562068492559 37.0798345652963
14.9507310375066 37.8063561082272
14.2009971764482 37.7906187310517
14.0925926563991 37.7813806439519
15.323009284427 38.1398988257609
15.0966488434897 37.1581751389138
15.0220278940832 37.8271679379922
13.5061860133467 37.4009070442829
14.5524608240929 36.8989358238745
14.6570032378116 37.2148858467276
14.4201166230557 37.4608904212391
15.032032292566 37.5515503678151
13.6883494148934 37.8696340689028
12.8094341386167 37.7384833669333
12.6356365746061 37.7383320696079
15.0852923530051 38.0478632142397
13.5745349603825 37.4872027745194
15.0011384014734 37.1891354279629
13.9409609470078 37.5096756937534
13.2340907057881 38.0857068686732
14.6801747799865 36.9406555486223
14.9894603858585 36.9728915745392
15.2430190809528 38.0711552851287
15.0176848411941 37.7095165341199
14.6853288185897 37.8884908168183
13.9227838966036 37.1610243305818
15.0273356653594 37.2984399229986
14.9518323853768 38.0666017405973
14.1271560922519 37.1797979139266
13.1896665068404 37.8328371349114
14.6698989370418 37.9762425631891
14.141717734943 37.8838989440165
13.4098914906478 37.9106038668134
14.5888609979036 37.6755858595738
14.4797362430527 37.6996879220548
14.9076116435239 37.7063193625329
14.9640852075406 37.5282002458518
13.5802118826966 37.5626193921228
13.6058563917347 37.4197763345859
15.017849246147 37.6298968216771
14.211345356916 37.190659400999
13.44008631145 37.8229617744293
13.8214460841109 37.2790795413139
13.3030751932749 37.4850318713067
13.0917393335333 37.5914854874696
14.3572048460784 37.0697894215671
15.2428507972257 37.9547753265338
13.432098096179 37.49160019537
14.7930911594034 36.8112858006877
14.3431697596636 37.3925871162131
12.5966306686508 37.962609919409
15.4457641919573 38.1759644483724
15.0991007060804 37.9744747156048
14.8093570208368 38.0230658618198
13.5022318162046 37.3331469777431
14.6417534011743 37.1483907882929
14.4555782081154 37.5193725486993
14.3496205607502 37.5664244572731
12.8739925780123 37.7371220870968
12.7939237607011 37.6599350495329
12.6300926993607 37.8315664241712
15.0195155670263 37.0830259273086
14.0011542763423 37.4869548837703
13.172318833018 38.0469332971482
13.2618540899107 37.9728832850621
14.7532745723242 36.9423568064272
15.0743220738451 37.6741598945343
15.0674901610854 37.2310243738631
13.5263015248512 37.9391882636056
13.3047792054813 37.8575605841371
14.2522248208413 37.1347797743446
13.764706795977 37.3153127878942
13.8421823940572 37.2121290649767
15.3458687096028 37.9778869216825
15.3374874971606 38.0593230085403
12.7224902011098 37.7902785372422
15.0880574108738 37.0898339319397
14.9488225489266 37.0431496016139
14.0676272962721 37.489694288496
13.18368165457 37.9245498857967
13.5592526878407 37.9955741841349
13.4778907951883 37.8850088027971
13.5793090670831 37.8431068320189
13.2528816061838 37.8188516463937
13.3592851199202 37.7888441236987
13.3720423174286 37.8549384191396
15.2836985482581 38.0129063622454
12.7023156886597 37.7254278447421
12.8005465089687 37.8224346007187
12.7242662255887 37.8967831750518
13.2509306368822 37.9031672979504
13.1986880019145 37.9876623689801
13.1190549939568 37.9458306283982
13.5875325900802 37.7382877167205
14.5301918586015 37.9420955944285
14.2088617646363 37.42838215084
15.173789733822 37.8025391810157
14.017056375172 37.8607189900758
13.4321533420059 37.4001813656975
14.5345365000489 36.9774855791365
14.6056680259607 36.9523971724914
14.4484633594946 37.4028541040534
13.6697298909643 37.9464516197529
14.6778230658045 36.8466604268579
15.171252873227 38.0785551234324
14.1439129732247 37.8198179082998
13.399950160031 38.0070297475128
13.328871635649 37.9981682774962
13.4584131018375 37.9643317623002
14.4095780460194 37.7171717939981
14.4101259504024 37.6411967096298
14.8745516317576 37.7798807717392
14.8899871443237 37.6409222206254
14.9616484546412 37.7423389445387
14.2936038829734 37.6227795270202
14.2668448256163 37.5401634544619
14.9743786931652 37.1298547723913
15.0349344320966 37.0196500468947
13.7118546626415 37.3664171760391
13.7681122925469 37.2215714592706
13.5134174770092 37.8273106613189
13.6428936481063 37.8191111569589
13.3179587947452 37.7260106521473
12.6482219064762 37.9059897493369
12.8143515110136 37.9129036594374
12.8269308215297 37.988516458945
13.9326834759255 37.8722493297944
13.8895994086483 37.9326086606076
13.8309201978561 37.8451676331953
13.7985685248142 37.9148870560379
14.0098492316035 37.7896367282161
14.6193104881019 37.0167517785989
13.5993325556197 37.9168163543677
14.6024332523649 36.8423212608667
13.3369844181401 37.9244102866676
13.4748084366661 38.0329523686324
12.7437469915514 37.9782969073989
12.7506287269527 38.0499596156757
13.8656081974268 37.7807976170278
13.7554313394518 37.8329064139547
13.8499237922112 37.5452205658973
14.5337721289053 37.7576455999146
14.5571570175812 37.1697936497326
14.3487729164911 37.4895457585281
