-78.975 30.655
-78.975 23.305
-85.275 23.305
-85.275 29.6923822088324
-85.121473 29.715854
-84.881777 29.733882
-84.535873 29.910092
-84.451705 29.929085
-84.34446 29.899025
-84.361962 29.987739
-84.33428 30.03708
-84.237014 30.08556
-84.157278 30.072714
-84.024274 30.103271
-83.925364 30.034568
-83.680791 29.921574
-83.586836 29.818941
-83.542485 29.728152
-83.406437 29.650325
-83.395742 29.526314
-83.280229 29.433413
-83.218075 29.420492
-83.164578 29.296823
-83.077265 29.255331
-83.056542 29.129909
-82.998579 29.174124
-82.834216 29.15492
-82.763751 29.054518
-82.764055 28.999707
-82.688864 28.905609
-82.738695 28.824796
-82.715027 28.726971
-82.655132 28.674852
-82.669882 28.433055
-82.731461 28.325015
-82.792986 28.006491
-82.852168 27.885972
-82.738022 27.706807
-82.63982 27.703907
-82.587625 27.81901
-82.638423 27.90463
-82.720608 27.936156
-82.675572 28.005442
-82.415318 27.900378
-82.391901 27.823857
-82.514265 27.705588
-82.641346 27.525508
-82.707821 27.487615
-82.522032 27.228375
-82.445718 27.060634
-82.249888 26.762946
-82.145071 26.788834
-82.181198 26.921363
-82.115478 26.951132
-82.051105 26.864955
-82.091355 26.666771
-82.142554 26.643911
-82.100625 26.510764
-82.005899 26.534413
-81.868983 26.378648
-81.833142 26.294518
-81.801748 26.091405
-81.68954 25.85271
-81.642345 25.905431
-81.41504 25.78435
-81.290328 25.687506
-81.271489 25.61434
-81.16797 25.469489
-81.12141 25.33875
-81.172044 25.222276
-81.08393 25.116194
-80.900577 25.139669
-80.868151 25.175953
-80.722391 25.159547
-80.582083 25.21068
-80.465501 25.211755
-80.461342 25.132487
-80.399717 25.108492
-80.253015 25.340494
-80.31036 25.3731
-80.340026 25.467888
-80.237858 25.727228
-80.121008 25.813199
-80.108775 26.090088
-80.036158 26.602586
-80.031362 26.796339
-80.093909 27.018587
-80.261462 27.394353
-80.384408 27.741191
-80.530964 28.013656
-80.594164 28.195864
-80.606823 28.296404
-80.58903 28.407872
-80.525094 28.459454
-80.57424 28.585339
-80.709725 28.756692
-80.966176 29.14796
-81.163581 29.55529
-81.253877 29.776852
-81.308978 29.96944
-81.396203 30.331086
-81.393469 30.395553
-81.435829 30.526071
-81.4284497791204 30.655
