37 284 365
1044 731 1047
172 135 170
162 240 242
42 41 43
155 177 154
47 109 714
25 24 134
711 712 710
188 291 83
242 182 262
150 114 142
183 32 31
139 35 34
32 641 33
216 634 212
142 146 132
117 135 152
133 134 143
2799 33 641
140 124 253
30 29 162
279 139 280
30 162 31
16 131 17
884 712 414
579 575 866
133 143 151
318 340 319
52 51 57
52 57 56
58 2835 1901
573 574 571
117 21 135
57 569 237
39 109 46
241 25 243
38 714 39
45 44 180
46 40 39
132 147 150
180 159 45
449 129 128
108 40 180
20 169 170
41 108 43
53 52 55
131 196 18
58 237 2835
150 138 114
226 219 204
257 296 364
157 155 154
585 870 586
140 7 2847
1986 2158 6
634 216 115
207 212 201
9 8 140
455 132 157
462 458 459
152 151 143
9 115 10
177 71 176
216 633 115
115 11 10
240 162 116
40 46 159
455 457 147
12 11 115
13 12 115
181 298 238
160 652 1276
183 162 242
145 71 146
143 23 117
241 26 25
198 206 214
116 28 27
241 161 26
184 83 82
132 155 157
641 130 640
177 178 154
284 37 36
195 16 167
169 18 196
492 486 490
765 768 761
22 21 117
148 151 152
135 173 20
143 117 152
23 22 117
131 195 127
135 645 152
51 576 571
134 23 143
28 116 29
138 150 147
142 72 145
116 27 161
907 125 249
66 125 67
637 636 1235
2799 139 34
364 235 363
85 370 369
174 121 77
627 104 103
132 146 155
17 131 18
60 129 449
448 59 129
101 1606 628
214 220 252
1037 721 727
65 119 166
151 153 133
63 192 64
82 185 184
125 447 65
451 61 449
65 166 125
714 109 39
475 478 474
126 94 93
72 114 73
174 74 138
140 253 634
74 114 138
114 74 73
735 740 741
75 77 76
174 77 75
146 71 177
185 120 187
52 56 110
80 79 120
208 13 633
81 80 120
81 120 136
29 116 162
344 290 342
1062 121 1056
144 733 732
40 108 41
174 748 121
83 184 188
146 142 145
77 121 78
72 142 114
110 55 52
1596 1600 889
24 23 134
53 55 54
147 454 748
172 645 135
893 125 247
206 198 202
59 58 129
736 453 733
165 627 191
153 151 148
132 150 142
149 1232 1644
890 1593 118
236 70 1236
1191 1192 1593
1591 629 888
935 286 287
139 123 234
1048 247 166
891 165 191
298 95 238
243 134 133
279 35 139
800 1495 529
326 330 335
339 1706 317
1605 1842 1843
258 181 239
189 290 84
658 937 86
1235 1236 637
400 948 350
7 140 8
184 185 163
650 92 91
242 245 130
214 252 198
93 92 126
1252 1246 1247
239 181 238
126 316 300
120 79 144
330 326 327
95 94 238
381 384 1278
19 169 20
261 240 241
407 371 394
192 119 64
450 62 451
630 891 164
144 623 187
103 102 191
192 166 119
250 215 15
201 203 207
196 131 197
196 197 168
18 169 19
170 169 168
172 170 632
20 170 135
1245 1649 1860
171 220 292
632 168 199
171 294 645
74 174 75
135 21 173
174 138 748
292 220 293
282 35 279
636 637 638
247 125 166
146 177 155
178 177 176
1231 178 176
178 149 1646
51 569 57
1732 1422 1900
108 180 44
40 159 180
239 94 126
285 287 181
260 243 133
264 175 266
183 130 641
31 162 183
185 82 136
625 188 184
136 120 185
187 120 144
190 163 187
356 368 355
623 144 137
163 185 187
625 184 163
188 186 291
435 437 444
321 290 291
163 190 624
102 628 191
628 888 191
193 1046 1044
1048 63 1046
1041 62 450
870 582 586
905 904 636
194 635 893
16 195 131
195 167 211
197 131 127
169 196 168
200 197 127
199 252 631
202 198 200
204 206 209
168 197 199
199 197 200
203 202 200
200 198 252
201 202 203
221 218 217
203 200 127
209 206 202
211 127 195
15 208 250
1867 1675 1866
293 210 304
207 203 211
208 15 14
209 202 201
219 214 206
127 211 203
212 207 205
13 208 14
205 211 250
217 201 212
2845 221 253
218 204 209
210 219 225
215 250 167
205 207 211
216 212 205
212 141 217
224 227 230
214 219 210
219 206 204
220 214 210
633 205 208
167 16 215
115 9 634
221 217 141
201 217 209
217 218 209
227 224 226
227 226 204
224 232 228
293 268 292
220 171 252
253 221 141
218 221 213
271 277 223
228 255 225
263 639 908
1987 2845 2846
1239 1241 1237
219 226 228
278 305 223
227 204 218
228 226 224
218 213 227
213 2844 230
233 232 224
219 228 225
1652 1655 1657
230 233 224
213 230 227
229 2157 233
1242 1243 1649
269 271 232
269 232 231
255 232 271
229 233 230
232 233 231
234 640 266
295 235 296
264 265 175
235 324 361
239 238 94
176 71 236
2835 237 179
287 315 298
317 288 300
285 258 340
241 240 116
242 240 182
241 116 161
134 243 25
262 245 242
242 130 183
260 133 153
243 260 289
262 182 263
294 912 911
264 245 244
245 266 640
1048 166 192
186 358 303
893 635 892
899 892 635
526 530 519
249 892 905
638 249 905
205 250 208
250 211 167
271 1675 277
264 908 265
631 252 171
200 252 199
253 141 634
253 124 2845
5 1241 1648
313 308 312
255 223 305
228 232 255
346 256 359
364 296 235
283 910 282
235 361 363
288 299 300
239 299 258
1887 1319 1345
160 285 340
260 1688 263
289 261 243
240 261 182
241 243 261
261 289 182
244 245 262
1688 260 153
244 262 263
264 244 908
266 175 234
309 251 306
346 314 324
234 123 640
245 264 266
303 267 321
356 302 354
911 148 294
292 294 171
2245 274 269
271 269 254
277 1675 1864
274 254 269
271 223 255
2154 2156 2157
2022 1659 1662
274 1660 254
410 362 413
2245 269 231
274 272 1660
308 309 310
223 277 278
1658 1652 1657
1582 1588 222
1675 271 254
278 277 275
1865 312 310
304 306 293
280 139 234
281 282 910
359 234 175
256 279 280
283 282 256
256 282 279
35 282 281
283 256 295
257 284 910
36 643 910
365 257 364
935 160 1276
181 258 285
652 160 340
1663 646 1250
160 287 285
287 286 315
239 300 299
288 325 329
260 263 289
182 289 263
83 291 189
290 267 342
291 186 303
189 291 290
293 220 210
294 292 268
210 225 304
293 306 323
294 268 912
294 148 645
256 280 359
346 360 314
257 283 296
295 296 283
315 1246 297
647 95 297
287 298 181
95 298 297
300 239 126
299 288 319
316 126 650
317 259 325
319 348 318
301 334 337
886 624 626
84 290 344
303 393 371
225 305 304
268 293 323
305 225 255
309 306 307
305 307 304
278 307 305
309 307 310
304 307 306
308 310 312
308 313 915
310 307 278
309 308 918
278 275 310
1865 311 312
707 411 412
923 924 648
1865 310 275
313 312 311
1268 1873 1270
295 324 235
923 648 919
639 1274 1275
1246 315 286
298 315 297
90 353 91
317 338 339
300 338 317
339 316 353
258 299 319
301 337 376
325 327 329
329 331 348
389 342 343
356 370 302
290 321 267
291 303 321
1392 2822 2824
1022 427 1021
306 251 323
913 323 251
346 324 295
1666 361 324
259 327 325
288 317 325
1886 1331 1706
331 334 301
1331 1332 259
329 327 326
350 660 400
351 336 337
331 329 326
288 329 319
259 330 327
333 334 349
335 333 349
301 654 348
333 335 374
969 667 669
401 664 667
349 331 326
651 351 337
328 398 330
375 366 374
377 381 367
654 318 348
651 334 333
367 376 377
300 316 338
339 338 316
1886 1327 1333
2038 1885 1886
319 340 258
652 340 318
342 267 407
354 341 344
342 320 344
267 303 371
403 406 355
354 344 320
84 344 341
188 625 186
432 434 430
346 295 256
346 175 360
922 1270 1261
397 37 396
329 348 319
301 348 331
331 349 334
326 335 349
1333 1350 1329
940 941 946
374 653 933
653 671 668
379 382 378
1277 934 1276
91 353 316
1708 1707 1709
356 354 368
302 341 354
355 368 403
392 658 85
368 354 320
356 355 369
425 433 436
390 404 409
624 358 186
393 358 345
234 359 280
175 346 359
175 265 360
265 1275 1254
1666 324 314
705 363 361
1671 920 925
1011 1012 1013
705 361 347
363 362 364
365 364 395
365 284 257
395 364 410
37 365 396
335 375 374
661 366 660
377 337 336
367 352 932
320 389 368
404 403 368
694 696 406
85 369 392
303 358 393
369 370 356
371 357 394
410 372 395
569 574 179
396 395 414
414 372 884
375 335 398
653 374 366
949 1326 956
366 375 400
377 376 337
654 376 367
379 377 336
377 379 381
1367 995 1006
690 1007 1009
663 401 382
381 379 378
380 382 401
684 387 388
381 385 384
367 381 352
663 379 336
378 417 388
380 970 971
690 991 1007
385 381 378
936 1278 1279
388 385 378
388 656 657
978 980 686
384 385 657
657 383 384
417 378 382
388 387 656
342 389 320
343 409 404
343 407 394
1382 2811 2812
424 717 426
1700 1701 332
696 369 355
937 392 938
345 886 434
371 393 432
419 394 357
343 394 409
410 364 362
414 395 372
395 396 365
373 711 397
330 398 335
373 397 396
328 375 398
940 947 87
86 937 941
375 328 956
949 662 948
664 401 663
651 933 351
380 969 970
979 1361 1360
404 368 389
390 717 403
343 404 389
390 403 404
390 409 420
692 405 697
405 692 406
692 391 694
342 407 343
371 407 267
422 428 408
2804 1015 1027
422 394 419
409 422 420
412 413 704
882 412 1151
1153 1160 1157
583 582 570
363 705 362
412 411 1151
704 413 362
882 413 412
884 616 883
396 414 373
617 612 615
591 584 867
415 1011 713
710 714 711
418 382 380
417 402 684
402 417 418
382 418 417
433 429 431
408 420 422
1025 1026 1024
390 420 426
394 422 409
435 443 436
422 419 428
420 408 1018
716 424 405
2809 2807 2810
429 357 431
246 1026 1031
420 1018 1020
717 424 716
357 429 419
1021 427 425
429 428 419
1022 428 427
431 432 430
428 429 427
721 1721 1726
427 429 433
432 431 357
433 431 430
371 432 357
432 393 434
430 437 436
427 433 425
345 434 393
434 322 439
435 436 437
1726 1721 1725
430 436 433
1723 441 443
430 439 437
445 446 442
434 439 430
436 443 1033
446 440 720
444 445 442
137 144 732
438 1032 1034
1021 1033 1030
437 445 444
720 440 722
1727 1723 435
443 441 1033
445 437 439
1728 442 720
322 728 439
886 626 1038
445 439 728
1039 446 1392
449 128 452
125 66 447
129 60 448
60 449 61
450 452 1399
1041 1042 62
1399 452 128
451 449 452
451 452 450
456 472 1066
732 738 737
147 132 455
735 738 740
461 463 459
147 457 454
459 455 157
471 461 469
463 455 459
454 457 456
460 1645 1647
456 457 463
465 1858 1645
459 458 461
892 899 248
486 466 481
462 468 458
461 458 469
157 465 459
462 473 468
456 463 461
457 455 463
567 506 865
471 472 461
157 154 1858
462 459 465
477 468 473
494 467 469
508 494 458
501 502 510
473 462 460
486 492 466
468 508 458
467 510 471
470 471 510
470 750 472
467 471 469
472 471 470
1441 750 470
461 472 456
475 473 460
473 475 477
1643 1646 1644
466 477 481
460 1642 478
477 475 474
894 897 635
751 482 484
751 481 477
468 477 466
460 478 475
1857 482 478
474 478 482
505 500 511
528 530 1094
479 481 751
751 477 474
479 487 486
1857 478 476
482 480 484
520 534 532
515 516 507
500 495 485
485 486 487
498 488 493
479 486 481
490 486 485
515 487 479
500 509 497
488 490 493
488 498 499
484 525 516
549 548 517
495 493 490
490 488 492
491 493 495
498 496 499
503 494 492
466 492 508
495 490 485
491 496 498
458 494 469
503 492 488
509 500 487
491 495 505
506 491 505
755 506 756
521 497 509
511 524 504
491 498 493
496 768 499
464 501 499
503 467 494
487 500 485
500 497 511
501 464 502
503 501 467
757 752 755
739 747 741
488 499 503
503 499 501
497 514 511
564 567 518
500 505 495
505 504 865
754 763 764
491 506 752
479 516 515
521 507 517
466 508 468
492 494 508
515 509 487
507 532 517
501 510 467
510 502 1438
513 558 556
505 511 504
514 497 523
511 514 524
559 557 562
521 523 497
514 513 518
516 479 484
509 515 507
484 526 525
507 516 520
549 517 532
533 513 514
556 559 566
564 559 562
476 1220 1640
791 534 520
527 516 525
520 516 527
507 521 509
517 548 523
489 537 541
548 551 522
517 523 521
523 522 533
514 518 524
504 524 518
526 484 480
525 519 527
1094 1095 788
519 525 526
531 791 790
791 519 790
1423 1403 1422
1103 538 1495
519 792 790
790 529 862
1095 526 480
530 528 1096
813 1496 811
532 534 489
532 489 549
507 520 532
523 533 514
552 533 522
791 520 527
538 540 862
862 540 531
537 489 534
864 547 539
531 537 534
541 537 542
795 800 529
536 537 540
539 542 545
545 864 539
531 540 537
1103 540 538
542 537 536
541 539 548
544 542 536
539 541 542
540 1103 536
545 542 544
543 544 863
543 864 544
546 483 547
553 550 552
546 547 864
551 548 539
551 539 547
548 522 523
489 541 549
548 549 541
554 483 553
551 552 522
554 551 547
556 555 512
533 552 513
483 554 547
554 552 551
552 554 553
560 557 559
550 555 558
558 513 552
550 558 552
512 559 556
555 556 558
783 562 563
559 564 566
1085 1083 1089
559 512 560
564 568 567
156 778 783
564 562 561
564 561 568
562 557 563
564 518 566
787 784 1442
496 491 752
518 513 566
556 566 513
506 567 565
504 518 567
773 568 561
567 568 565
569 51 571
237 569 179
592 593 594
589 579 578
571 575 570
573 571 570
579 581 583
576 572 575
574 158 179
571 574 569
158 574 573
596 577 50
866 578 579
595 597 593
571 576 575
572 577 866
570 575 579
593 589 578
588 581 589
885 879 609
582 872 573
587 585 586
570 582 573
580 595 601
586 582 583
579 583 570
586 583 581
1796 857 1792
1985 1856 1984
581 587 586
867 869 585
587 581 588
870 585 869
604 587 580
585 587 591
581 579 589
580 587 588
49 610 594
588 589 597
619 621 606
584 591 1134
604 580 601
1135 1134 591
613 48 605
597 595 580
866 596 578
593 592 595
596 593 578
50 49 594
592 607 600
595 592 600
50 594 596
593 596 594
588 597 580
593 597 589
609 599 602
591 587 877
595 602 601
598 612 611
592 610 607
601 602 599
602 595 600
599 603 604
600 598 602
880 611 612
599 878 603
1138 1135 1137
599 604 601
604 603 877
715 48 710
607 1012 600
883 615 415
617 619 606
592 594 610
1013 1012 605
598 611 602
613 607 610
622 885 621
49 608 610
613 610 608
1011 612 598
609 602 611
615 612 415
880 606 885
48 613 608
607 613 605
1155 882 1152
1153 614 1154
415 416 883
617 615 614
372 410 882
615 616 1154
1157 619 617
617 606 880
1159 1156 1158
880 885 609
1157 617 614
618 1826 621
1827 1826 1162
1138 590 1935
618 621 619
621 620 622
1941 1937 1940
590 878 879
137 190 623
187 623 190
624 190 626
358 624 345
163 624 625
186 625 624
887 190 137
445 728 446
104 627 165
103 191 627
101 628 102
888 628 122
1596 1602 1600
890 164 1191
171 172 631
891 191 888
632 631 172
168 632 170
631 632 199
115 633 13
205 633 216
140 634 9
212 634 141
894 194 1046
894 635 194
904 248 902
70 69 637
68 906 69
67 638 906
906 638 637
907 67 125
1687 644 931
915 917 918
641 640 123
245 640 130
641 123 2799
641 32 183
913 912 268
1239 1242 1238
910 283 257
917 931 251
152 645 148
171 645 172
648 915 919
1291 1288 1285
1252 647 297
913 931 644
927 1269 922
1175 1168 1174
92 650 126
91 316 650
334 651 337
933 651 333
652 318 654
381 1278 352
661 671 366
668 351 933
376 654 301
654 367 932
690 993 991
96 1247 1251
689 387 687
656 387 691
388 657 385
657 656 1379
1303 698 699
937 658 392
87 939 940
350 954 660
366 400 660
350 951 952
683 970 669
1302 1305 944
350 948 951
379 663 382
664 663 336
336 351 664
670 668 671
670 666 668
1703 1704 1702
969 380 401
668 664 351
666 678 667
666 667 668
668 667 664
674 676 678
2800 683 676
955 960 1701
683 678 676
366 671 653
677 671 661
666 670 674
673 674 675
674 670 677
670 671 677
674 673 676
952 953 954
1705 1704 675
680 673 1703
683 669 678
661 954 953
674 677 675
667 678 669
674 678 666
679 2800 682
673 680 676
683 2800 681
112 972 1353
1355 975 972
2800 676 680
680 665 682
970 683 681
417 684 388
402 973 687
402 418 971
687 387 684
987 1358 985
402 687 684
1357 689 687
993 989 991
689 691 387
1357 687 686
993 691 688
688 981 984
383 1009 1689
688 691 689
656 691 690
695 697 1019
659 937 938
968 1694 700
698 692 697
392 369 696
406 692 694
1014 1019 405
698 391 692
406 696 355
392 696 694
697 405 1019
697 695 698
699 695 1381
698 695 699
1692 1693 1313
1304 1307 1303
332 960 965
703 699 693
1340 1341 1311
2814 1314 2815
942 1305 1306
2814 703 693
703 702 1304
1260 707 704
412 704 707
347 704 705
362 705 704
314 1254 1256
411 707 709
1258 1667 347
1668 709 1260
1261 1265 925
1863 1944 708
1260 709 707
1169 709 708
710 712 715
714 48 47
397 711 38
712 711 373
414 712 373
715 712 416
713 715 415
713 1013 48
711 714 38
48 714 710
415 715 416
48 715 713
405 406 716
717 406 403
426 717 390
406 717 716
405 424 1014
424 1017 1014
1028 1030 438
2806 2807 2803
721 722 727
442 446 720
1725 1721 1386
722 1728 720
1384 1385 1035
721 1726 1728
1039 440 446
1483 1754 1750
1720 1724 113
744 735 741
722 1385 727
1387 1037 726
1385 722 440
1037 727 726
322 1038 728
887 626 190
732 737 137
1035 1398 1394
2070 857 1805
1108 1109 1106
1399 1049 450
63 1042 1043
733 144 79
732 453 738
1064 1059 1057
453 732 733
736 1059 453
79 734 736
742 745 744
79 736 733
1065 734 78
745 737 735
1039 2824 729
740 453 739
737 738 735
454 750 1056
1438 1068 1441
453 740 738
741 740 739
746 747 1058
2849 2183 2184
1786 1787 743
725 1387 1384
768 765 464
1483 1774 1775
741 1911 1910
742 1395 745
745 729 2823
735 744 745
1060 1056 749
1484 1489 1487
739 1064 1058
1911 747 746
147 748 138
1056 748 454
1438 1439 1068
1434 1058 1061
1056 750 749
454 1066 750
482 751 474
479 751 484
752 506 755
757 761 752
777 568 773
743 1063 1435
763 754 757
765 771 769
756 506 565
757 755 753
777 773 766
753 755 756
753 779 763
757 754 761
779 766 780
1069 786 767
766 753 756
781 764 760
761 754 765
752 761 496
778 1442 773
767 786 1082
753 763 757
764 763 760
753 766 779
769 502 464
776 754 764
464 765 769
777 756 565
766 762 780
1073 767 1445
1785 1784 1075
499 768 464
761 768 496
771 765 776
771 772 769
775 1072 781
772 1439 769
776 765 754
772 771 770
770 1076 1437
743 1434 1063
778 773 561
762 766 773
1092 1079 1080
786 775 782
781 760 782
1076 1067 1437
1074 776 764
771 776 770
756 777 766
568 777 565
783 778 561
762 1081 1093
774 760 779
763 779 760
1080 780 762
779 780 774
782 760 774
1072 775 1071
1079 786 782
775 781 782
562 783 561
156 783 563
774 1080 1079
784 1081 1442
758 1451 1464
1079 782 774
1082 786 785
1222 1223 901
778 156 787
899 902 248
794 795 798
793 795 529
792 519 530
793 790 792
534 791 531
519 791 527
1096 792 530
793 792 789
796 798 789
529 790 793
1096 1097 789
806 811 797
789 795 793
799 800 801
1101 814 816
823 829 835
806 810 804
2802 809 854
789 798 795
816 798 796
801 795 794
797 1103 1495
801 800 795
800 799 1495
804 801 794
799 801 810
807 814 805
803 804 807
826 809 811
794 814 807
806 804 803
796 1099 1101
820 822 827
1497 1104 535
810 806 797
794 807 804
805 823 819
846 849 855
819 803 807
803 836 826
799 810 797
804 810 801
826 806 803
813 811 809
1499 535 1104
809 2802 813
1498 1103 1104
794 816 814
1097 1099 796
820 818 1105
826 825 855
798 816 794
789 1097 796
1219 1213 1215
831 832 837
805 814 820
814 818 820
805 819 807
819 815 830
817 1105 818
1105 1107 820
1098 1110 1102
871 1147 1149
848 851 841
819 823 815
805 827 823
823 827 829
825 830 832
838 850 832
853 854 849
806 826 811
836 819 830
820 827 805
833 839 822
822 1107 1502
839 828 840
822 829 827
839 840 829
832 830 837
836 825 826
823 835 815
824 838 843
837 830 815
838 832 831
821 1119 1126
833 2062 1789
2077 2075 2078
1131 1129 831
840 835 829
835 840 1128
819 836 803
825 836 830
1128 815 835
834 1130 1131
848 841 844
845 842 846
822 839 829
1789 839 833
828 1915 1504
840 834 1128
1129 848 844
843 838 844
850 845 846
844 838 831
841 843 844
849 846 842
838 824 845
825 832 850
1790 847 1130
808 848 856
1129 844 831
856 848 847
854 853 106
855 809 826
845 850 838
825 850 846
1499 2802 812
848 808 851
1505 834 1504
849 842 853
809 849 854
846 855 825
809 855 849
861 856 847
860 808 856
1126 1127 1502
1806 1142 1148
1130 847 1129
861 2079 856
2077 2070 2076
861 847 1790
860 856 2079
2079 859 2078
790 862 531
529 538 862
544 864 545
1497 863 544
546 864 543
505 865 506
504 567 865
572 866 575
596 866 577
871 874 584
585 591 867
875 874 868
158 872 873
584 869 867
870 873 872
875 868 873
573 872 158
1139 584 1134
1108 1119 821
582 870 872
870 869 875
1133 1423 1425
730 1402 1405
584 874 869
1149 874 871
875 869 874
873 870 875
1135 1138 876
1429 1510 1511
604 877 587
1135 877 603
879 878 599
1137 878 590
609 879 599
879 622 1942
611 880 609
617 880 612
411 1159 1166
1153 1154 1152
882 410 413
1152 882 881
884 883 416
615 883 616
884 416 712
884 372 1155
621 885 606
879 885 622
434 886 322
624 886 345
137 737 2822
626 887 1393
1591 888 122
891 888 629
1607 1959 1619
1862 2170 2017
891 629 1191
629 1192 1191
165 891 630
905 892 248
893 892 249
125 893 249
194 893 247
898 896 897
894 898 897
1052 1053 193
1117 1205 1208
1212 1217 1206
897 899 635
898 894 193
897 896 899
1052 1047 1055
1193 898 1054
901 902 903
1197 1222 903
903 1195 1194
821 1105 1108
1206 1217 900
1235 1231 176
899 896 1195
902 901 904
899 903 902
1193 1194 1195
901 1223 1226
904 1231 1235
904 905 248
638 905 636
69 906 637
67 906 68
249 638 907
67 907 638
263 908 244
1275 908 639
36 910 284
1237 909 1239
910 643 281
1686 911 644
153 148 911
268 323 913
911 912 644
931 913 251
644 912 913
1283 1281 1282
1251 1248 646
920 919 915
917 915 648
916 919 920
1666 1256 1258
648 924 1271
251 309 918
915 918 308
251 918 917
920 915 313
916 2834 923
926 920 313
926 925 920
920 1671 916
1272 1274 639
926 313 927
922 926 927
916 923 919
923 921 1665
923 1665 924
1686 1272 1688
1261 925 922
1266 1671 1265
927 313 311
925 926 922
928 311 1865
927 311 928
930 928 273
1269 930 1268
930 273 1674
2515 2502 2516
1267 1674 1675
1872 930 1677
1271 917 648
1274 1272 1273
1277 932 352
654 932 652
374 933 333
668 933 653
352 1278 1277
1291 1292 1301
160 935 287
1301 934 1300
1279 384 383
936 1281 1300
938 392 694
940 939 941
694 391 938
1302 938 391
944 946 1302
659 946 941
1317 947 940
86 941 939
659 941 937
942 1306 1309
1320 87 947
942 1309 1311
1318 1699 945
659 938 1302
1317 1697 1316
1302 946 659
1318 1319 1699
1317 946 944
940 946 1317
947 1698 1318
948 400 1326
951 662 950
375 956 1326
949 399 1321
1337 1339 1338
953 958 1705
662 951 948
952 951 950
958 957 955
953 675 677
661 953 677
953 952 958
660 954 661
952 954 350
957 952 950
1884 672 1325
1330 1332 1329
949 956 1328
957 950 963
955 957 960
958 955 1705
952 957 958
963 1334 961
1352 1351 962
957 963 964
1352 968 1351
1334 950 662
966 964 967
1334 963 950
960 957 964
964 963 961
967 961 959
960 966 965
964 961 967
966 960 964
962 965 966
967 959 968
966 967 1352
1337 1882 1881
1314 1693 1696
667 969 401
970 969 669
1354 681 2800
971 418 380
974 970 681
687 973 686
977 1355 1356
974 975 970
402 971 973
975 971 970
1354 974 681
975 974 972
972 112 1355
973 971 975
1358 1359 685
686 973 978
975 977 978
975 978 973
1360 976 1359
983 1010 996
981 1357 980
1361 978 977
981 980 979
1000 1001 982
688 689 1357
1002 998 996
987 984 981
984 989 688
979 1358 987
989 984 990
1001 1362 982
983 984 988
986 989 990
1716 1719 1966
979 987 981
988 987 985
987 988 984
1001 988 985
990 984 983
989 986 991
2756 996 1010
990 983 996
1008 1007 991
1364 1008 991
2593 2652 2487
1004 995 1002
691 993 690
989 993 688
986 990 998
1285 1296 1878
2750 2751 2752
998 999 1364
983 988 1001
1002 996 992
1374 997 1371
690 1009 1379
996 998 990
999 998 995
1004 1006 995
1365 1371 1008
386 2756 1363
386 2742 2756
1001 985 1362
1001 1000 1010
2707 1004 1002
998 1002 995
2147 111 1625
1371 1365 994
2707 1002 992
1006 1004 2544
2241 2243 1624
1005 1370 1366
2544 1004 1003
1005 1366 1367
986 1364 991
1009 1007 997
1364 1365 1008
997 1007 1008
1875 1374 1690
1379 1009 383
1001 1010 983
1010 1000 2756
612 1011 415
1011 598 1012
600 1012 598
605 1012 607
48 1013 605
713 1011 1013
1020 1018 1015
1014 718 1016
428 1022 408
1014 1017 718
2808 2811 2810
699 1381 693
424 426 1020
718 1017 1015
1027 408 1022
1020 1015 1017
1014 1016 1019
1019 1016 695
424 1020 1017
420 1020 426
1021 425 1033
1021 719 1022
1029 1024 1026
1027 1018 408
2804 2805 2803
719 1025 1022
1025 1027 1022
1026 1025 719
1027 1025 1024
1030 1028 1031
1023 2805 1029
1024 2805 2804
1027 1015 1018
1021 1030 719
1031 719 1030
1026 246 1029
1030 1033 1032
246 1031 1028
719 1031 1026
1034 441 421
438 1030 1032
1033 425 436
441 1032 1033
1039 1394 1398
441 1034 1032
1397 1035 1394
726 1384 1387
1036 1390 1388
1389 113 1037
886 1038 322
1393 1038 626
1392 446 728
1039 729 1394
1407 1403 1406
1401 1400 1045
1049 1041 450
1043 1042 1041
731 1044 1043
1043 1041 731
1043 1044 1046
1051 1401 1047
894 1046 193
1193 1054 895
193 1044 1052
1048 1046 194
1043 1046 63
1051 1047 731
1047 1045 1055
247 1048 194
63 1048 192
1051 1041 1049
1049 1040 1400
1404 1045 1400
1053 1054 898
1041 1051 731
1049 1400 1401
1047 1052 1044
1053 1052 1050
1053 1050 1054
193 1053 898
1045 1411 1410
1124 1984 1120
1404 1411 1045
1052 1055 1050
1061 1058 1057
1056 121 748
453 1059 1064
1060 1062 1056
739 1058 747
1057 1060 1061
736 1065 1059
1433 121 1062
1060 749 1061
1060 1057 1062
1063 1061 749
1061 1063 1434
1059 1433 1057
1062 1057 1433
1440 749 1441
1436 1437 1435
1058 1064 1057
453 1064 739
734 1065 736
1433 1065 78
456 1066 454
472 750 1066
764 781 1072
775 1069 1071
1063 1436 1435
749 1440 1063
1077 767 1073
775 786 1069
1070 1078 1077
1444 1481 1482
767 1071 1069
1075 1067 1076
1785 1078 1070
776 1074 770
767 1082 1088
1750 1764 1483
764 1072 1074
1074 1072 1075
1071 1078 1072
1078 1785 1075
770 1074 1076
1075 1076 1074
767 1077 1071
1487 1077 1073
1078 1071 1077
1075 1072 1078
774 780 1080
785 786 1079
762 1442 1081
1091 1092 1090
759 1494 1443
1093 1493 1092
1453 1464 1739
1082 785 1085
1469 1452 1463
1462 1447 1449
1451 1450 1083
1444 1486 1445
1492 1087 1739
1086 1088 1089
1089 1082 1085
1447 1737 1086
1089 1088 1082
1083 1085 1091
1445 1088 1086
1455 1451 1738
1737 1447 1084
1085 785 1091
1091 785 1092
785 1079 1092
1083 1091 1090
1080 1093 1092
1494 1493 1093
762 1093 1080
1093 1081 1494
1095 1094 530
1215 1098 1216
526 1095 530
1095 480 1640
1096 528 1097
792 1096 789
1100 1097 528
1099 818 1101
1212 1206 1111
1113 1114 1112
1097 1100 1102
817 818 1099
1100 528 1216
1100 1098 1102
814 1101 818
796 1101 816
817 1099 1102
1102 1099 1097
797 1496 1103
1496 1104 1103
1497 1498 1104
1499 1104 813
1109 1108 1105
1107 1105 821
1116 1118 1112
1421 1415 1420
1502 1107 821
820 1107 822
1109 1105 817
1120 1119 1108
1110 817 1102
1109 817 1110
1114 1215 1213
1109 1110 1113
900 1222 1197
1113 1106 1109
1114 1110 1098
1630 1206 1200
1114 1113 1110
1106 1113 1112
1219 1216 1218
1116 1114 1213
1500 1123 1118
1793 1797 1791
1198 1202 1203
1112 1114 1116
1202 1198 1196
1115 1119 1120
1118 1629 1628
1120 1106 1122
1120 1108 1106
1115 1125 1126
1106 1123 1122
1118 1117 1500
1196 1199 1421
1122 1124 1120
1123 1106 1112
1124 1122 1121
1118 1123 1112
1121 1122 1123
1117 1208 1210
1735 1736 1906
1634 1639 1985
1789 828 839
1115 1126 1119
1127 1126 1125
1125 2061 2062
833 822 1502
1131 1128 834
815 1128 837
831 837 1131
847 848 1129
834 840 1504
1505 1506 1790
1131 837 1128
1129 1131 1130
584 1139 1140
584 1140 871
868 1426 1425
1406 1405 1402
591 877 1135
876 1507 1139
603 878 1137
876 1134 1135
1145 876 1138
1512 1507 1146
1137 590 1138
603 1137 1135
1933 1141 1936
1143 1145 1935
876 1139 1134
1139 1136 1140
1148 1144 1147
1148 1142 1508
618 1160 1162
1140 1147 871
1813 1814 1818
1805 857 1796
1177 1189 1817
1146 1507 1145
1432 1510 1429
868 874 1149
590 1942 1935
1146 1145 1143
1814 1821 1819
1148 1150 1512
1150 1140 1136
1144 1432 1147
1150 1147 1140
1136 1507 1512
1430 1429 1132
1149 1428 1426
1512 1150 1136
1147 1150 1148
881 1166 1158
882 1151 881
1152 881 1153
1155 1152 616
1158 1153 881
1158 1160 1153
615 1154 614
616 1152 1154
884 1155 616
882 1155 372
1165 1168 1171
1162 1826 618
619 1157 618
614 1153 1157
1166 881 1151
1158 1156 1160
1169 411 709
1172 1167 1159
1165 1171 1163
1157 1160 618
1165 1156 1167
1184 1185 1182
1163 1162 1160
1171 1827 1162
1165 1163 1156
1160 1156 1163
1170 1514 1516
1521 1523 1170
1167 1156 1159
1168 1165 1164
411 1166 1151
1158 1166 1159
411 1169 1172
1167 1832 1834
1174 1168 1164
1171 1168 1161
1670 706 1672
1172 1832 1167
1516 1830 2135
1937 1939 1829
1827 1171 1161
1171 1162 1163
411 1172 1159
2138 1945 1943
1833 2136 1164
1175 1161 1168
1517 1174 1164
1174 1173 1175
1514 1176 1173
1175 1173 1176
1185 1178 1180
1179 1161 1175
1526 1183 1836
1189 1177 1184
1179 1175 1180
1828 1178 1931
1180 1175 1176
1828 1179 1178
1180 1176 1182
1178 1179 1180
1186 1181 1182
1148 1512 1806
1170 1526 1836
1184 1182 1181
1516 1521 1170
2502 2503 2506
2201 2097 1188
1185 1177 1178
1182 1185 1180
1177 1185 1184
1836 1182 1176
2515 1186 1183
2512 2341 2508
2187 2492 2494
1184 2201 1189
1822 2105 1823
2201 1184 1181
1188 1929 1817
1605 1602 1603
1190 1596 1595
891 1191 164
629 1591 1192
1596 1592 1595
1593 890 1191
1193 895 1194
896 898 1193
1198 1194 1199
903 1194 1197
899 1195 903
1193 1195 896
1199 1196 1198
1409 1731 1412
1194 1198 1197
900 1197 1203
1199 1194 895
1200 1202 1205
1054 1412 1419
1410 1050 1055
1118 1628 1117
1200 1206 1203
1981 1201 1899
1209 1204 1631
1205 1202 1196
1202 1200 1203
1203 1197 1198
1629 1630 1628
1199 895 1415
1204 1201 1631
1209 1207 1208
1205 1117 1628
1213 1212 1111
900 1203 1206
1981 1983 2181
1121 1123 1500
1209 1205 1196
1210 1208 1207
1205 1209 1208
1196 1204 1209
1207 1631 1633
1500 1634 1121
1221 1218 788
1226 1223 1229
1111 1116 1213
1211 1214 1217
1215 1114 1098
1211 1212 1213
1225 1228 1230
1222 900 1224
1216 1098 1100
528 1094 1216
1094 788 1216
1218 1216 788
1211 1217 1212
1217 1214 1224
1640 1220 1221
1219 1211 1213
1216 1219 1215
1211 1219 1218
149 1641 1232
1221 1230 1218
1640 1221 788
1221 1220 1230
900 1217 1224
901 903 1222
1227 1223 1214
901 1226 904
1214 1223 1224
1222 1224 1223
1227 1214 1228
1234 476 1233
1223 1227 1229
178 1231 1641
1228 1214 1211
1227 1225 1229
1230 1228 1211
1225 1227 1228
1232 1229 1225
1226 1641 1231
1230 1211 1218
1230 1220 1234
904 1226 1231
1226 1229 1641
1230 1234 1225
1232 1225 1233
476 1642 1233
1642 460 1647
476 1234 1220
1225 1234 1233
1236 1235 176
904 1235 636
236 1236 176
637 1236 70
909 2000 1242
4 1237 1241
1244 1245 6
2000 642 2003
1241 1239 1238
270 1992 1990
1650 2154 2153
1245 1244 1648
1241 5 4
909 1242 1239
1243 1242 1240
1655 1652 1653
1245 1986 6
1238 1649 1245
1648 1238 1245
1649 1243 1651
1877 2036 2173
1247 1246 914
1247 914 1248
1252 1247 96
1877 1249 2034
1248 2035 646
655 1283 1288
1299 1879 1297
914 2036 2035
2017 2018 1862
647 1252 96
1248 1251 1247
1246 1252 297
1254 1257 1256
360 1254 314
265 1254 360
1255 2833 2831
2831 1266 1673
1259 1667 1258
1257 1254 1253
1258 1256 1255
1253 1665 2833
1255 1256 1257
1259 1258 1255
347 361 1666
2834 1266 2831
1668 708 709
347 1260 704
1260 1667 1668
1264 1261 649
1263 1265 1264
2139 1956 2142
1948 1946 1947
1263 1669 1670
1672 706 1673
2231 1873 1874
1264 2139 1669
1264 1265 1261
1266 1265 1263
1672 1266 1263
1266 1672 1673
1660 1659 276
1676 1677 1674
1684 1685 1872
1268 1270 1269
927 928 1269
930 1269 928
1261 1270 649
922 1269 1270
1273 1271 924
917 1271 931
931 1271 1273
1688 639 263
1273 924 1274
1273 1272 1687
1665 1274 924
1275 265 908
1274 1253 1275
1254 1275 1253
1277 1276 652
935 1276 934
1277 652 932
1277 936 1300
1279 1278 384
1277 1278 936
383 1689 1282
1300 1281 655
1373 1286 1289
1281 1283 655
936 1279 1281
1282 1281 1279
383 1282 1279
1282 1280 1283
1289 1283 1280
1287 914 1246
1366 1370 1892
1296 1295 1878
1293 1290 1288
1294 1284 1297
1690 1374 1372
1288 1290 1285
286 1292 1246
1301 1288 1291
1283 1289 1293
1291 1285 1287
1280 1690 1373
1286 1290 1293
1286 1294 1290
1290 1294 1296
1292 1287 1246
1292 1291 1287
286 935 1292
1301 935 934
1283 1293 1288
1286 1293 1289
1376 1294 1286
1297 1296 1294
1717 1284 1716
1691 2019 1876
1878 1876 1877
1285 1290 1296
1294 1376 1284
1295 1296 1297
1623 889 1600
1284 1378 1716
2232 1691 2303
1297 1879 1295
1288 1301 655
1277 1300 934
1301 1292 935
655 1301 1300
1303 391 698
1303 1302 391
1304 699 703
699 1304 1303
1312 1310 1315
942 1697 1305
1307 1302 1303
1305 1307 1306
1315 1304 702
1310 1308 1309
1306 1307 1304
1302 1307 1305
1881 1882 1695
662 949 1321
1310 1309 1306
1311 1309 1308
1306 1304 1315
1310 701 1883
1321 1323 1335
1341 1340 1322
2819 2820 2817
701 1310 1312
702 2815 1312
1312 2815 2821
703 2814 702
1312 1315 702
1306 1315 1310
1344 942 1311
1698 943 1318
1697 1317 944
1698 1317 1316
1318 943 1319
1320 1318 945
1319 943 1343
1319 1343 1347
399 1323 1321
1318 1320 947
1336 959 961
1322 1323 1324
1308 1342 1340
1324 1323 399
1323 1322 1335
399 1328 1349
1343 943 1346
1702 665 1703
1705 1325 1704
948 1326 949
375 1326 400
1319 1887 88
949 1328 399
1329 1328 956
1347 1348 1345
956 1330 1329
328 330 1332
956 328 1330
1330 328 1332
1706 1331 259
1350 1333 1327
259 1332 330
1331 1333 1332
1332 1333 1329
1333 1331 1886
1321 1335 662
961 1334 1336
1337 1336 1339
662 1335 1334
1335 1339 1334
1322 1338 1335
1883 1342 1308
959 1336 1337
1340 1338 1322
1342 1338 1340
1334 1339 1336
1335 1338 1339
1341 1322 1324
1308 1340 1311
1343 1341 1324
1344 1316 1697
1308 1310 1883
1337 1338 1342
1343 1324 1347
1346 1316 1344
1311 1341 1344
1346 1341 1343
399 1349 1324
2041 2040 89
1346 943 1698
1341 1346 1344
1348 1347 1324
1319 1347 1345
1328 1350 1349
1348 1350 1711
1350 1328 1329
1324 1349 1348
1711 1350 1327
1349 1350 1348
966 1352 962
968 700 1351
968 1352 967
679 1353 1354
972 974 1354
972 1354 1353
977 1356 976
975 1355 977
980 1357 686
1355 112 1356
688 1357 981
1360 1359 1358
1362 1358 685
1361 979 980
1360 1358 979
976 1360 1361
978 1361 980
976 1361 977
998 1364 986
1358 1362 985
1000 982 1363
1365 1364 999
1366 999 1367
1366 1365 999
1626 2235 2240
1366 1892 1893
995 1367 999
1005 1367 1006
1610 1975 1614
1284 1376 1378
2244 2538 2243
1897 1894 1375
1370 1005 2543
1369 2439 1892
1374 1371 1890
997 1008 1371
1713 1375 1712
1373 1289 1280
1714 1712 1376
1286 1373 1376
1890 1371 994
1280 1689 1690
1890 2042 1713
1969 1973 1970
1372 1713 1714
1378 1712 1377
1894 1718 1719
1299 1716 1298
1712 1378 1376
1716 1378 1377
657 1379 383
690 1379 656
695 1016 1381
1383 2816 1381
1383 1381 1016
1016 2809 1383
105 2818 2813
2809 1016 718
1382 2812 2816
1385 1384 726
1384 1035 2849
727 1385 726
1385 440 1398
1391 1387 725
1721 1720 1386
1037 1390 1389
1396 1914 2183
1388 2054 2055
1390 1387 1391
1390 1037 1387
1036 1389 1390
725 2184 2052
1390 1391 1388
728 1393 1392
1393 2822 1392
1393 728 1038
2822 1393 887
1395 729 745
1394 1395 1397
1397 1395 2057
729 1395 1394
2056 1911 1787
1444 1482 1484
2057 1395 742
1397 1396 2849
1385 1398 1035
1039 1398 440
128 1900 1399
1049 1399 1040
1040 1402 1400
1400 1402 1404
1047 1401 1045
1049 1401 1051
1402 1040 1406
1402 730 1404
1040 1399 1407
1133 1403 1423
1408 1729 1413
1050 1410 1412
1133 1905 1403
1736 1905 1906
1407 1406 1040
1405 1406 1403
1422 1732 1416
1902 158 1416
1733 1408 1413
1733 1734 1408
1409 1411 1413
1414 1731 1730
1045 1410 1055
1412 1410 1409
1404 1417 1411
1409 1410 1411
1419 1412 1731
1050 1412 1054
1404 730 1417
1417 1418 1733
1729 1409 1413
1420 1201 1204
1054 1415 895
1415 1419 1420
1424 158 873
1403 1407 1422
1418 1417 730
1411 1417 1413
1736 1735 1418
1735 1431 1903
1420 1419 1414
1054 1419 1415
1420 1414 1899
1421 1420 1204
1196 1421 1204
1199 1415 1421
1422 1407 1900
1422 1416 1423
1416 1424 1423
1423 1424 1425
158 1424 1416
1425 1424 873
873 868 1425
1426 868 1149
1429 1427 1428
1133 1425 1426
1431 1735 1430
1428 1906 1426
1428 1149 1429
1428 1427 1906
1149 1432 1429
1510 1144 1508
1430 1132 1431
1427 1429 1430
1132 2045 2174
1733 1418 1903
1147 1432 1149
1510 1432 1144
1065 1433 1059
121 1433 78
1788 743 1787
1058 1434 746
1440 1436 1063
1786 1435 1067
1439 1436 1068
1437 1436 772
1437 772 770
1067 1435 1437
510 1438 470
1439 1438 502
769 1439 502
1436 1439 772
1441 749 750
1436 1440 1068
1438 1441 470
1440 1441 1068
773 1442 762
787 1442 778
1084 1479 1481
1081 784 1443
1444 1737 1481
1088 1445 767
1445 1086 1737
1086 1089 1447
1449 1447 1089
1450 1449 1089
1460 1448 1463
1460 1462 1449
1450 1089 1083
1449 1448 1460
1464 1453 758
1449 1450 1455
1455 1457 1448
1449 1455 1448
1465 1448 1457
1469 1478 1452
1450 1451 1455
1464 1451 1083
1457 1738 1454
1451 1456 1738
1465 1446 1740
1451 758 1456
1454 1465 1457
2826 2825 1466
1454 1458 1465
1474 1461 1475
1463 1448 1459
1462 1460 1452
1479 1452 1478
1463 1452 1460
1447 1462 1084
2828 2829 2825
1463 1472 1469
1083 1090 1464
1739 1464 1090
1446 1465 1458
1448 1465 1459
1743 1759 1742
1459 1470 1463
1452 1479 1462
2828 1473 1471
1752 1747 1467
1463 1470 1472
1478 1467 1476
1470 1740 1473
1470 1468 1472
1475 2827 1474
1473 1468 1470
1467 1469 1472
1740 1470 1459
1477 1471 1473
1467 1472 1475
2827 1475 1472
2827 1472 1468
1757 1752 1756
1491 1746 1485
1467 1478 1469
1740 1477 1473
1479 1478 1476
1741 1481 1479
1462 1479 1084
1741 1476 1743
1491 1482 1480
1741 1479 1476
1482 1481 1480
1755 1771 2182
1484 1487 1486
1483 1764 1772
1775 1778 1488
1491 1490 1482
1077 1487 1070
1480 1748 1745
1485 1754 1777
1445 1486 1073
1444 1484 1486
1486 1487 1073
1488 1489 1490
1774 1483 1772
1489 1779 1487
1490 1489 1484
1488 1778 1779
1482 1490 1484
1490 1485 1777
1746 1480 1745
1490 1491 1485
759 1492 1493
1493 1090 1092
1493 1492 1739
1443 1494 1081
759 1493 1494
1495 538 529
797 1495 799
811 1496 797
1104 1496 813
863 1497 535
1498 1497 544
544 536 1498
1103 1498 536
1499 813 2802
535 1499 812
1117 1210 1500
1634 1500 1210
1856 2058 1984
1802 1918 1800
1126 1502 821
833 1502 1127
1501 1916 1915
861 1790 859
828 1504 840
1505 1504 1503
1503 1794 1505
834 1505 1130
1797 1794 1795
2080 1792 857
1139 1507 1136
1145 1507 876
1510 1508 2228
1144 1148 1508
1811 2230 1806
1207 1633 1637
2228 1508 1142
1510 1509 1511
1511 1509 2301
1429 1511 1132
1815 1807 1809
1807 1808 1809
1179 1828 1161
1931 1932 1829
1517 2135 1830
1836 1514 1170
1685 1873 1872
1529 1539 1534
1830 1514 1173
1521 1522 1520
1174 1517 1173
1834 1164 1165
1525 1519 1520
1519 1525 1532
1571 1579 1551
1516 1522 1521
1523 1183 1526
1522 1516 1515
1521 1520 1523
1531 1522 1515
1520 1522 1525
1527 1530 1519
1523 1520 1530
1531 1947 1528
1585 1558 1841
1525 1522 1531
1533 1532 1525
1183 1186 1836
1170 1523 1526
1534 1553 1838
2096 2097 1187
2135 1947 1515
1533 1528 1950
1529 1535 1537
1519 1532 1534
1519 1530 1520
2503 1530 1527
1948 1947 2135
1531 1528 1533
1525 1531 1533
1534 1532 1529
1950 1535 1533
1529 1532 1533
1537 1539 1529
1565 1579 1571
2171 1537 1535
1529 1533 1535
1947 1949 1950
1550 1549 1543
2171 1535 1524
1540 1539 1537
1546 1547 1544
1549 1552 1538
1540 1537 1536
1539 1538 1553
1543 1549 1538
1538 1539 1540
1542 1543 1546
1543 1538 1540
1555 1557 1545
1547 1540 1536
1548 1549 1550
2246 1679 2160
1544 1572 1564
1543 1540 1547
1556 1559 1518
1546 1544 1564
1547 1536 2025
1543 1547 1546
1556 1555 1545
1553 1552 1551
1550 1543 1542
1552 1549 1580
1554 1550 1542
1561 1541 1557
1571 1556 1568
2100 2099 2102
1580 1549 1548
1551 1838 1553
1539 1553 1534
1538 1552 1553
1564 1542 1546
1562 1541 1554
1548 1550 1555
1561 1550 1554
1556 1518 1568
1548 1555 1556
1550 1561 1555
1561 1557 1555
1566 1554 1542
1556 1545 1559
1571 1580 1556
1541 1561 1554
1566 1564 1563
1554 1566 1841
1585 1582 1584
1684 929 1681
1573 1564 1572
1565 1568 1574
1565 1574 1576
1564 1566 1542
1563 1585 1841
929 1677 1676
1573 1563 1564
2583 2584 1570
1571 1568 1565
2171 1952 2026
1581 1573 1569
1565 1578 1579
1518 1570 1574
1580 1571 1551
2024 1572 1544
1573 1572 1569
1569 2023 1581
1585 1584 1558
1518 1574 1568
1560 2582 2584
2522 2524 2527
1565 1576 1578
2584 1574 1570
1575 2520 1578
2387 2392 2300
1838 1840 1534
1575 1578 1576
1577 1579 1578
2518 1839 1577
1551 1579 1838
1552 1580 1551
1556 1580 1548
1676 1267 1680
1589 1588 1582
1563 1573 1582
1589 1573 1581
1841 1558 1562
2016 2164 2015
1582 222 1584
1563 1582 1585
2160 1567 2246
2009 2014 2160
222 1588 1586
1589 1582 1573
1586 1588 1587
1581 1587 1589
1588 1589 1587
2195 2263 2194
1796 1792 1793
1591 122 1603
1192 1591 1190
1599 1608 1610
1601 1593 1594
1192 1594 1593
1608 1594 1592
1595 1192 1190
1601 1594 1608
1592 1594 1595
1192 1595 1594
1602 1598 1600
1596 889 2145
1843 1598 1605
1601 1621 118
2839 2840 1845
1611 1610 1608
1611 1608 1592
1602 1596 1190
1847 1848 1851
1615 1618 1622
118 1593 1601
1603 1190 1591
1190 1603 1602
1606 101 1604
1606 1605 1603
1843 1842 100
122 1606 1603
1598 1602 1605
1606 122 628
1605 1606 1604
1846 1847 1843
1850 2840 2839
1974 1609 2145
1599 1601 1608
1961 1619 1959
1615 1617 1597
1972 1975 1609
1614 1599 1610
1592 1596 2145
1609 1610 1611
1961 889 1623
1978 2235 1626
1613 1620 1617
1614 1615 1599
1975 1610 1609
1615 1614 1613
1617 1616 1597
1615 1597 1618
1613 1977 1620
1617 1615 1613
1616 1617 1625
1851 1623 1600
1599 1622 1601
1959 1607 1960
1616 1625 111
1617 1620 1625
1615 1622 1599
1622 1621 1601
1621 1622 1618
1851 1600 1598
1961 1623 1619
1620 1612 2304
2538 2542 2487
2304 2234 2306
1118 1116 1629
2238 2151 2236
2147 1625 2150
1205 1628 1200
1116 1111 1629
1630 1111 1206
1628 1630 1200
1111 1630 1629
1979 1980 1854
1209 1631 1207
1810 2119 2131
1121 1634 1124
1980 1631 1201
1979 1855 1633
1637 1635 1636
1636 1634 1210
1984 2058 1115
1636 1639 1634
1637 1636 1210
1635 2456 1639
1207 1637 1210
1637 1633 1855
1632 2178 2314
2193 2088 2087
1635 1639 1636
1639 1638 1985
1095 1640 788
480 482 1857
1232 1641 1229
178 1641 149
478 1642 476
462 1645 460
1858 465 157
149 1644 1646
1232 1233 1644
1647 1233 1642
465 1645 462
1647 1645 1643
1858 1646 1643
1646 154 178
1643 1644 1647
1233 1647 1644
5 1648 1244
1238 1648 1241
1242 1649 1238
1653 2155 1651
2844 1987 2153
1651 1860 1649
1653 1651 1243
1651 1650 1860
1655 1243 2830
2154 1652 2156
2830 1243 1240
1652 2154 2155
642 1997 1996
272 1658 1659
1243 1655 1653
1654 1656 1657
1662 1991 1661
1656 1662 1659
1654 1657 1655
1658 1657 1656
1658 1656 1659
1658 272 2156
1662 1656 1989
1869 1867 276
276 1866 1660
272 1659 1660
1999 1994 2001
2005 2163 2161
1995 1989 1656
1662 1661 2012
1665 921 2833
2017 1663 1250
1862 2018 2019
1274 1665 1253
1256 1666 314
347 1666 1258
1668 1667 1259
347 1667 1260
1259 706 1668
1668 706 1863
1669 1262 1670
1263 1264 1669
1670 1262 2134
1668 1863 708
1265 1671 925
2834 1671 1266
1670 1672 1263
1673 706 1259
1255 2832 1259
1259 2832 1673
1675 1674 273
1674 1267 1676
1864 1675 273
1675 254 1866
1869 1870 1867
929 1676 1681
1677 929 1872
1674 1677 930
1999 2001 2004
2023 1567 1581
1681 1676 1682
2163 2160 2161
1267 1675 1867
2162 1678 2161
1682 1676 1680
1679 2247 1684
1678 1682 1680
1679 1681 1682
1683 1684 2247
1950 1954 1524
1679 1684 1681
1684 1683 1685
2024 2027 1871
1270 1873 649
911 1686 153
1687 1686 644
1273 1687 931
1686 1687 1272
1686 1688 153
639 1688 1272
1009 997 1875
1282 1689 1280
1690 1372 1373
1689 1009 1875
2037 1299 1298
2019 1691 2144
1692 1694 1693
1693 1314 2820
1694 1695 1693
700 1694 1692
1695 1694 968
1881 968 959
2821 1696 701
1693 1695 1696
701 1696 1695
1305 1697 944
1344 1697 942
1317 1698 947
1346 1698 1316
332 1701 960
1319 88 1699
1701 1325 955
1700 672 1884
680 1703 665
1325 672 1702
1704 1703 673
675 1704 673
1702 1704 1325
953 1705 675
955 1325 1705
317 1706 259
1709 339 353
2039 1707 89
1709 353 1708
353 90 1708
339 1709 2038
1327 1885 2040
1888 1348 1711
2041 1887 1888
1376 1373 1714
1375 1377 1712
1372 1890 1713
1893 994 1365
1372 1714 1373
1712 1714 1713
2439 2437 2438
1609 1974 1972
1716 1299 1717
1719 1716 1377
1299 1297 1717
1284 1717 1297
1894 1377 1375
1963 1962 1966
1894 1719 1377
1719 1718 1966
421 1722 1725
1721 721 1724
1724 721 1037
1723 421 441
444 1727 435
435 1723 443
421 1723 1722
113 1724 1037
1720 1721 1724
421 1725 1386
1726 1725 1722
1722 1723 1727
1728 722 721
442 1727 444
1727 1726 1722
1726 1727 1728
442 1728 1727
1730 1729 1408
1731 1729 1730
2175 1734 2048
1730 1981 1899
1419 1731 1414
1409 1729 1731
1901 128 129
1902 1732 2835
1417 1733 1413
1418 1735 1903
2174 2043 2044
1855 1979 1632
1418 730 1736
1430 1735 1427
730 1405 1736
1905 1736 1405
1481 1737 1084
1445 1737 1444
1454 1738 1456
1455 1738 1457
1739 1090 1493
1453 1739 1087
1465 1740 1459
1477 1740 1446
1743 1476 1751
1480 1481 1741
2842 724 2054
1743 1748 1741
1751 1467 1747
1743 1742 1745
1761 723 1781
1751 1759 1743
1746 1491 1480
1745 1742 1762
1485 1746 1750
1467 1475 1752
1757 1759 1747
1741 1748 1480
1743 1745 1748
1388 2053 2054
1763 1745 1762
1746 1745 1763
1913 1914 1396
1467 1751 1476
1751 1747 1759
1475 1461 1752
1757 1756 1744
1782 1762 1742
1763 1750 1746
1483 1775 1777
1485 1750 1754
1766 1767 1783
1771 1755 1764
1761 1759 1760
1752 1461 1756
1747 1752 1757
1760 1757 1744
1744 1758 1760
1758 1761 1760
1761 1758 723
1757 1760 1759
2842 2843 2841
1742 1759 1761
1782 1742 1761
1763 1762 1753
1753 1766 1763
1767 1771 1783
1783 1750 1763
1755 1914 1772
1780 1766 1753
1770 1769 1765
1766 1749 1767
1749 2050 1767
2051 2182 2050
1912 1913 1910
742 744 1910
1749 1780 1770
723 1769 1781
1782 1780 1753
1764 1750 1783
2182 1771 1767
1755 1772 1764
1774 1768 1773
1787 1908 2056
1775 1908 1778
1768 1774 1772
1775 1774 1773
1788 746 1434
1775 1488 1777
1786 1067 1784
1489 1488 1779
1777 1488 1490
1483 1777 1754
1908 1775 1773
1779 1778 1776
1779 1776 1784
1779 1070 1487
1766 1780 1749
1780 1782 1781
1769 1770 1781
1780 1781 1770
1762 1782 1753
1761 1781 1782
1783 1763 1766
1764 1783 1771
1786 1784 1776
1075 1784 1067
1070 1779 1785
1784 1785 1779
1786 1776 1787
1786 743 1435
1776 1908 1787
1768 1912 1773
743 1788 1434
1787 746 1788
2062 833 1127
1915 1789 1501
1505 1790 1130
1790 1506 859
2177 2181 2180
2187 2259 2492
859 1506 1792
1793 1792 1506
1794 1793 1506
1793 1791 1796
1505 1794 1506
1794 1503 1795
1915 1795 1503
1795 1915 1916
1796 1791 1802
1803 1928 1801
1794 1797 1793
1921 1795 1919
1791 1918 1802
2104 2116 2109
1799 1928 2200
2070 1924 2076
1919 1795 1916
1800 1804 1803
1796 1802 1803
2071 2070 1801
1791 1921 1918
1803 1802 1800
1800 1925 1804
1803 1801 1805
1804 1925 2199
1928 1804 2200
1803 1805 1796
2070 1805 1801
1808 1512 1812
1808 1806 1512
2098 2102 2103
1808 1811 1806
1812 1512 1146
1807 2111 1811
1143 1813 1146
1813 1809 1812
1590 2106 2109
2113 1810 2111
1807 1811 1808
1810 2131 2230
1813 1812 1146
1808 1812 1809
1814 1143 1938
1813 1143 1814
1817 1816 1824
2110 1590 2109
1818 1809 1813
1818 1819 1823
1929 1822 1825
1814 1819 1818
1188 1817 1189
1821 1820 1824
1821 1814 1141
1809 1818 1815
1825 1819 1816
1815 1823 1590
1933 1829 1820
1824 1932 1817
1820 1821 1141
1816 1819 1821
1816 1817 1929
1822 1929 2098
1818 1823 1815
1823 1819 1825
1821 1824 1816
1824 1820 1932
1929 1825 1816
1823 1825 1822
1939 1826 1513
621 1826 620
1828 1827 1161
1826 1827 1513
1178 1177 1931
1827 1828 1513
1820 1141 1933
1513 1828 1829
1514 1830 1516
1173 1517 1830
708 1944 1169
1951 1946 1953
1169 1832 1172
1833 1832 1831
1831 1948 2136
1834 1833 1164
1167 1834 1165
1833 1834 1832
2140 1956 2139
1956 2140 2141
1182 1836 1186
1836 1176 1514
2339 2205 2206
1519 1958 1527
1579 1839 1838
1838 1839 1840
1577 1839 1579
1840 1839 1837
1958 1840 1837
1519 1534 1840
1554 1841 1562
1563 1841 1566
99 2836 2838
1605 1604 1842
1619 1848 1849
99 1846 1844
1843 100 1844
2837 2836 98
1847 1846 1845
1843 1844 1846
1848 1847 1845
1843 1847 1598
1849 1848 1845
1619 1623 1851
1846 99 2838
1619 1849 1607
2167 1664 2170
2019 2233 1862
1847 1851 1598
1851 1848 1619
1716 1966 1298
1852 1967 1971
2146 1627 1978
2149 1978 2147
1730 1983 1981
2043 1734 1903
1632 2314 2256
1637 1855 1635
2085 2084 1917
1922 2061 2185
476 1640 1857
480 1857 1640
1646 1858 154
1858 1643 1645
1859 1860 2152
2847 1988 2846
2152 1860 1650
1860 1859 1986
1993 1997 1990
2002 1991 1992
1249 1876 2019
97 2017 2021
706 1670 1863
1670 2134 1944
273 928 1865
277 1864 275
275 1864 1865
273 1865 1864
1660 1866 254
1866 276 1867
276 2022 1869
1267 1867 1870
2012 1661 2006
1870 1678 1680
2022 276 1659
1870 1869 1868
1870 1868 2011
1870 1680 1267
2024 1569 1572
2023 2024 1871
1872 1268 930
1684 1872 929
1872 1873 1268
1873 1685 1874
1683 2028 1685
2027 2031 2029
1374 1875 997
1689 1875 1690
1876 1249 1877
1879 1876 1295
1249 2018 2034
2173 1287 1285
1876 1878 1295
1285 1878 1877
1299 2037 2303
1876 1879 1691
1298 1965 1960
1880 1960 2143
1337 1881 959
1695 968 1881
1883 1337 1342
701 1695 1882
701 1882 1883
1883 1882 1337
1325 1701 1884
1700 1884 1701
2039 1709 1707
1327 2040 1711
2038 1886 1706
1886 1885 1327
1888 1887 1345
1889 88 1887
1348 1888 1345
1888 1711 2041
1374 1890 1372
1887 1710 1889
2042 1890 994
1369 2308 2439
2042 1898 1713
1369 1892 1370
2042 1893 1892
1366 1893 1365
2042 1892 1891
1898 1895 1897
1718 1894 1896
2234 2441 2306
1896 1715 1963
1897 1896 1894
2436 2434 2435
1898 1897 1375
1897 1895 2436
1713 1898 1375
1898 1891 2438
1420 1899 1201
1414 1730 1899
1399 1900 1407
1901 1900 128
58 1901 129
1900 1901 1732
158 1902 179
1416 1732 1902
2043 1903 1431
1733 1903 1734
2174 2045 2249
2046 2180 1982
1403 1905 1405
1906 1905 1133
1906 1133 1426
1906 1427 1735
1765 2841 2843
1391 2052 1388
1778 1908 1776
2056 1908 1773
2057 1910 1913
741 747 1911
741 1910 744
1912 1910 1909
1787 1911 746
1911 1909 1910
1912 1909 2056
1913 1912 1768
1914 1913 1768
1396 1397 2057
1772 1914 1768
2182 2183 1755
1504 1915 1503
1915 828 1789
1919 1920 2188
1795 1921 1797
1922 1916 1501
1926 2194 1925
1918 1917 2084
1925 1800 2083
1919 1916 1922
1921 1919 1917
2061 1922 1501
2063 1923 2058
1918 1921 1917
1797 1921 1791
1125 2060 2061
1919 1922 1920
2060 1115 2058
2063 2064 2059
2071 2073 1924
852 2075 2258
2083 1800 1918
2199 1925 1798
2185 2063 2065
2179 2314 2178
1926 2084 2088
2197 2317 2264
1928 1799 2071
1803 1804 1928
1188 2096 1929
1929 2096 2098
1187 2202 2101
2597 2599 2710
1932 1931 1177
1828 1931 1829
1932 1177 1817
1829 1932 1820
1938 1935 1936
1939 1937 620
1941 1934 1942
1934 1941 1940
1138 1935 1145
1936 1935 1934
1936 1934 1940
1141 1814 1938
1829 1933 1937
1940 1937 1933
1935 1938 1143
1141 1938 1936
1826 1939 620
1829 1939 1513
1936 1940 1933
1934 1935 1942
622 620 1941
1937 1941 620
879 1942 590
622 1941 1942
1952 1955 1835
1831 1832 1945
1670 1944 1863
1944 1943 1945
1832 1169 1945
1944 1945 1169
2138 1953 2137
1954 1950 1949
1515 1947 1531
1947 1946 1949
1948 2135 2136
2137 1948 1831
1951 1949 1946
1949 1951 1955
1535 1950 1524
1947 1950 1528
1948 2137 1946
2142 1957 1953
1835 2141 2033
1536 2172 2025
2134 1953 1943
2134 2142 1953
1955 1954 1949
2171 1954 1952
1835 1955 1951
1954 1955 1952
1264 649 2140
1957 1835 1951
1953 1957 1951
2141 1957 1956
1840 1958 1519
1527 2505 2504
1607 2143 1960
1959 1852 1961
1960 1880 2037
1852 1959 1960
1852 1962 1967
889 1961 1974
1968 1967 1962
1965 1962 1852
1896 1963 1718
1968 1963 1715
1968 1970 1964
1972 1974 1971
1960 1965 1852
1966 1965 1298
1963 1966 1718
1965 1966 1962
1962 1963 1968
1971 1967 1964
1970 1968 2435
1964 1967 1968
2437 2434 1895
2434 2437 2305
2435 1968 1715
1969 2234 1973
1971 1964 1972
1852 1971 1961
1976 1970 1973
1613 1614 1975
1973 1977 1975
1964 1976 1972
1609 1611 2145
1971 1974 1961
1976 1975 1972
1977 1973 1612
1970 1976 1964
1975 1976 1973
1620 1977 1612
1613 1975 1977
2147 1978 1627
2236 2235 1978
1980 1979 1633
2178 1854 2177
1631 1980 1633
1980 1201 1981
2175 1983 1408
1980 1981 1854
2048 2043 2046
2254 2180 2049
1408 1983 1730
1983 1982 2181
1120 1984 1115
1985 1984 1124
1985 1124 1634
2068 1985 1638
1860 1986 1245
1986 1859 2848
2152 2153 1987
2845 1987 2844
1995 1656 1654
2846 2848 2152
1991 1989 1861
1989 1991 1662
1990 1992 1993
1992 1991 1861
1992 1861 1993
1998 1994 1999
1861 1995 1993
1654 1996 1995
1989 1995 1861
2002 1998 1999
1654 2830 1996
2003 1996 1240
1993 1995 1996
2001 2159 1583
1996 1997 1993
270 1998 2002
1661 1991 2002
2008 2005 2007
1242 2000 1240
1999 2004 1661
2002 1992 270
1661 2002 1999
2000 2003 1240
642 1996 2003
2007 2004 2001
2007 2010 2004
2008 2007 2001
2014 1581 1567
2006 2010 2011
1661 2004 2006
2008 2001 1583
2007 2005 2010
1586 2016 2013
2008 2016 2015
2008 2015 2005
1581 2014 1587
2011 2010 1678
2010 2006 2004
1870 2011 1678
2012 2011 1868
2011 2012 2006
2022 2012 1868
2160 2014 1567
2008 1583 2013
2014 2009 2164
2013 2016 2008
2163 2015 2009
1586 1587 2016
2164 2016 1587
1663 2017 97
2018 2017 1250
2034 2018 1250
2019 2018 1249
2144 1691 2232
1664 2021 2170
2144 1880 2143
2166 98 2165
2012 2022 1662
2020 2170 1862
1869 2022 1868
2024 2023 1569
2246 2023 1871
2025 1544 1547
2024 1544 2025
2026 2172 1536
2025 2172 2024
1536 1537 2171
1874 2028 2030
2032 1952 2030
2028 1874 1685
2029 2028 1683
2029 2031 2028
2247 2029 1683
2027 2029 1871
2030 2031 2032
2033 1952 1835
2032 2031 2027
2028 2031 2030
2172 2032 2027
1952 2032 2026
1874 2030 2033
1952 2033 2030
2035 2034 1250
2036 2034 2035
646 2035 1250
914 2035 1248
1287 2036 914
1877 2034 2036
1960 2037 1298
2232 2303 1880
339 2038 1706
2039 2038 1709
2040 2039 89
2039 1885 2038
2039 2040 1885
2041 89 1710
2041 1710 1887
1711 2040 2041
1893 2042 994
1898 2042 1891
2044 2043 1431
2046 2043 1904
1431 1132 2044
1511 2045 1132
2119 1810 2113
1806 2230 1142
1904 2049 2046
2048 2046 1982
1511 2301 2045
2065 2092 2090
1982 1983 2175
2043 2048 1734
2313 2248 2249
2251 2254 2049
2050 1749 2843
2051 2050 1907
2051 2053 2052
2849 1035 1397
725 2052 1391
2053 2051 1907
2054 2053 1907
1388 2052 2053
2054 1907 2842
2055 1036 1388
1912 2056 1773
2054 724 2055
1911 2056 1909
1910 2057 742
1396 2057 1913
2064 2063 2058
2060 2058 1923
2059 2064 2067
2065 2189 2185
2061 2060 1923
1115 2060 1125
2061 1923 2185
2061 1501 2062
1789 2062 1501
1125 2062 1127
2064 2058 1856
2063 2059 2065
2068 1856 1985
2068 2066 2067
2059 2067 2069
1926 2083 2084
2255 2455 2456
2087 2088 2089
2068 2067 2064
2067 2066 2452
1856 2068 2064
2068 1638 2455
2458 2457 2270
2221 2301 2228
1801 1928 2071
2562 2493 2072
2073 2071 1799
1924 2070 2071
2488 2073 2074
2443 2562 2488
2074 2073 1799
1924 2073 2072
1804 2199 2200
2566 2491 2563
2078 2081 858
2070 2077 857
2259 2076 1924
2077 2076 2075
2081 2082 852
2080 2077 2078
858 860 2079
2080 2078 859
859 2079 861
2079 2078 858
1792 2080 859
857 2077 2080
2078 2075 2082
2082 2081 2078
852 2082 2075
2084 2083 1918
1925 2083 1926
2085 1917 2188
2087 2089 2091
2189 2085 2188
2085 2090 2089
2336 2334 2270
2422 2229 2418
2084 2089 2088
2190 2192 2087
2089 2084 2085
2193 2087 2192
2085 2189 2090
2091 2086 2190
2092 2065 2059
2094 2320 2266
2089 2090 2093
2090 2092 2094
2059 2069 2092
2094 2091 2093
2094 2093 2090
2091 2089 2093
2092 2069 2094
2094 2069 2320
2193 1926 2088
2548 2547 2319
2097 2096 1188
2098 2096 1187
2503 2515 1183
2204 2101 2202
2100 2098 1187
2098 2100 2102
2099 2100 2101
2213 2210 2099
2101 2100 1187
2102 2099 2207
2515 2521 1186
2204 2206 2101
2106 2103 2108
2098 2103 1822
2125 2108 2102
1823 2105 1590
2133 2114 2118
2110 1815 1590
1822 2103 2105
2102 2108 2103
1590 2105 2106
2103 2106 2105
2113 2114 2112
2110 2111 1807
2125 2102 1930
2104 2106 2108
2104 2109 2106
2109 2107 2110
2111 2110 2107
1815 2110 1807
2107 2114 2113
2111 1810 1811
2116 2118 2114
2122 2470 2227
2107 2113 2111
2112 2122 2119
2107 2116 2114
2124 2120 2118
2119 2122 2115
2248 2049 1904
2109 2116 2107
2118 2120 2117
2215 2277 2117
2128 2133 2126
2104 2125 2124
2118 2117 2126
2112 2119 2113
2119 2115 2132
2125 2120 2124
1930 2216 2215
2129 2408 2126
2266 2091 2094
2130 2112 2128
2112 2130 2122
2221 2222 2224
1510 2228 1509
2118 2116 2124
2104 2124 2116
2108 2125 2104
1930 2120 2125
2129 2126 2117
2128 2126 2121
2128 2121 2130
2207 2099 2210
2112 2114 2133
2209 1930 2207
2293 2281 2292
2359 2129 2276
2405 2130 2121
2132 2131 2119
2123 2228 2230
2222 2132 2115
2131 2132 2123
2126 2133 2118
2112 2133 2128
2134 1262 2142
1944 2134 1943
1516 2135 1515
2136 2135 1517
1164 2136 1517
1831 2136 1833
2138 2137 1831
1953 1946 2137
1945 2138 1831
1953 2138 1943
1669 2139 1262
2140 2139 1264
2231 649 1873
2140 2231 2141
2033 2141 1874
1957 2141 1835
2139 2142 1262
1957 2142 1956
1607 1849 2840
2166 2167 2168
2144 2169 2168
1862 2233 2020
1592 2145 1611
889 1974 2145
111 2147 1627
1978 1626 2146
2148 2150 1620
1612 1973 2234
1978 2149 1853
2150 2149 2147
2306 2149 2148
1620 2150 1625
2149 2150 2148
2239 2237 2238
2311 2151 2237
2153 2152 1650
2846 2152 1987
1650 2155 2154
2153 229 2844
1658 2156 1652
229 2153 2154
1651 2155 1650
1652 2155 1653
2245 272 274
2154 2157 229
2245 2157 2156
233 2157 231
2162 1679 1682
2158 1986 2848
2001 1994 2159
2161 1678 2010
2005 2161 2010
2162 2161 2160
1679 2162 2160
1678 2162 1682
2015 2163 2005
2160 2163 2009
2014 2164 1587
2015 2164 2009
2165 2167 2166
2166 1850 2837
2020 2168 2167
1664 2167 2165
2020 2233 2168
2169 2144 2143
1850 2166 2168
2169 2143 1607
1850 2168 2169
2170 2020 2167
2017 2170 2021
2171 1524 1954
1536 2171 2026
2032 2172 2026
2024 2172 2027
1877 2173 1285
2036 1287 2173
2043 2174 1904
1132 2174 2044
1734 2175 1408
1982 2175 2048
2115 2227 2225
2250 2251 2248
2254 2337 2177
1979 2178 1632
1854 2178 1979
2179 2178 2177
2272 2334 2337
2256 1635 1855
2049 2180 2046
2181 2177 1854
2181 1854 1981
1982 2180 2181
2050 2182 1767
2183 2182 2051
1755 2183 1914
2051 2052 2184
725 1384 2849
2051 2184 2183
1922 2185 1920
2063 2185 1923
1919 2188 1917
2319 2318 1927
2072 2493 1924
2189 2188 1920
2185 2189 1920
2090 2189 2065
2323 2324 2322
2087 2091 2190
2323 2326 2191
2548 2319 1927
2324 2190 2086
2193 2195 2194
2195 2192 2191
1925 2194 1798
1926 2193 2194
2193 2192 2195
2195 2191 2197
2261 2095 2262
2086 2446 2322
2369 2382 2383
2326 2323 2327
2197 2444 2317
2251 2250 2272
2224 2176 2313
2199 1798 2262
2199 2095 2200
2547 2200 2095
2074 1799 2200
1189 2201 1188
1181 2521 2511
1187 2097 2202
2514 2097 2511
2388 2390 2467
2389 2391 2397
2097 2204 2202
2273 2339 2340
2211 2275 2280
2210 2209 2207
2340 2204 2203
2386 2219 2214
2210 2208 2209
1930 2102 2207
2220 2280 2278
2120 2215 2117
2212 2216 2217
1930 2209 2216
2213 2099 2101
2214 2206 2205
2208 2214 2219
2317 2444 2196
2209 2208 2278
2276 2277 2275
2206 2274 2101
2213 2101 2274
2208 2210 2214
2210 2213 2274
1930 2215 2120
2212 2275 2277
2217 2216 2209
2215 2216 2212
2219 2220 2278
2275 2217 2280
2300 2205 2387
2431 2411 2342
2386 2214 2205
2219 2218 2220
2282 2286 2281
2278 2280 2217
2123 2132 2222
2313 2249 2045
2222 2115 2225
2123 2222 2221
2223 2225 2226
2271 2335 2334
2225 2224 2222
2223 2176 2224
2227 2115 2122
2224 2225 2223
2405 2407 2130
2407 2485 2470
2470 2122 2130
2225 2227 2226
2230 2228 1142
2221 2228 2123
2129 2117 2277
2269 2447 2446
1810 2230 1811
2123 2230 2131
2141 2231 1874
649 2231 2140
1691 1879 2303
1880 2144 2232
2019 2144 2233
2168 2233 2144
2433 2234 1969
2149 2306 1853
2236 1978 1853
2235 2241 2240
2238 2236 1853
2151 2235 2236
2307 2237 2239
2308 2309 2307
2239 2238 1853
2151 2238 2237
2239 1853 2306
2307 2239 1368
2243 2241 2151
2241 2235 2151
1624 2240 2241
2538 2487 2653
2242 2653 2655
2244 2243 2151
1624 2243 2242
2309 2310 2307
2594 2744 2593
2157 2245 231
272 2245 2156
2023 2246 1567
1871 2029 2247
1679 2246 2247
1871 2247 2246
2249 2248 1904
2248 2176 2250
2174 2249 1904
2301 2313 2045
2252 2253 2223
2250 2176 2253
2254 2251 2047
2248 2251 2049
2430 2485 2486
2450 2198 2267
2223 2253 2176
2253 2252 2480
2254 2047 2337
2180 2254 2177
2334 2336 2338
2498 2455 2255
1632 2256 1855
2456 2256 2255
2187 2258 2259
2549 2552 2315
2075 2076 2259
2075 2259 2258
2345 2281 2354
2626 2701 2497
2317 2318 2261
2199 2262 2095
2263 1798 2194
2195 2264 2263
2264 2195 2197
1798 2263 2262
2261 2262 2264
2263 2264 2262
2454 2453 2336
2265 2267 2266
2265 2450 2267
2086 2091 2266
2269 2267 2198
2266 2267 2446
2321 2424 2477
2229 2423 2413
2429 2478 2537
2476 2447 2269
2047 2251 2272
2485 2407 2486
2250 2480 2272
2252 2484 2483
2480 2250 2253
2334 2272 2271
2508 2467 2509
2387 2390 2391
2206 2214 2274
2210 2274 2214
2275 2211 2276
2212 2217 2275
2280 2344 2211
2349 2359 2276
2212 2277 2215
2129 2277 2276
2209 2278 2217
2219 2278 2208
2283 2284 2282
2281 2286 2288
2283 2280 2220
2288 2292 2281
2345 2344 2282
2220 2284 2283
2353 2354 2293
2284 2220 2218
2344 2283 2282
2289 2286 2291
2282 2284 2286
2291 2218 2300
2297 2287 2294
2284 2218 2291
2289 2287 2288
2294 2287 2289
2299 2287 2297
2289 2288 2286
2292 2287 2290
2286 2284 2291
2289 2285 2294
2499 2629 2569
2364 2367 2432
2300 2218 2386
2289 2291 2395
2287 2292 2288
2292 2290 2705
2636 2638 2640
2449 2260 2331
2401 2585 2396
2531 2294 2285
2279 2646 2645
2530 2285 2533
2290 2287 2299
2531 2285 2530
2299 2297 2647
2647 2589 2645
2634 2635 2459
2647 2297 2296
2290 2299 2298
2205 2339 2387
2300 2393 2395
2228 2301 1509
2301 2221 2313
2121 2406 2405
2302 2412 2414
1299 2303 1879
1880 2303 2037
1620 2304 2148
1612 2234 2304
2433 2434 2305
2239 2440 1368
2304 2306 2148
2441 2433 2305
1368 2308 2307
2309 2308 1369
1368 2437 2439
1370 2543 1369
1006 2544 1005
2307 2310 2237
2540 2310 2309
2311 2310 2542
2151 2311 2244
2237 2310 2311
2224 2313 2221
2595 2706 2594
2248 2313 2176
2338 2314 2179
2256 2314 2255
2443 2488 2546
2556 2489 2551
2332 2191 2326
2659 2607 2316
2318 2317 2196
2264 2317 2261
2623 2626 2497
2553 1927 2662
2095 2261 2319
2318 2319 2261
2451 2320 2069
2266 2320 2265
2479 2481 2482
2335 2479 2270
2316 2326 2331
2192 2323 2191
2324 2323 2192
2323 2322 2327
2190 2324 2192
2322 2324 2086
2328 2327 2322
2325 2328 2330
2331 2326 2325
2191 2332 2197
2322 2447 2328
2326 2327 2325
2592 2475 2535
2325 2327 2328
2410 2302 2406
2364 2356 2362
2268 2330 2328
2535 2496 2330
2449 2331 2325
2316 2331 2260
2326 2316 2332
2444 2332 2316
2320 2451 2265
2453 2454 2452
2270 2457 2336
2337 2334 2179
2479 2335 2271
2270 2334 2335
2333 2451 2454
2334 2338 2179
2337 2179 2177
2272 2337 2047
2498 2336 2453
2338 2498 2314
2340 2339 2206
2387 2339 2273
2204 2340 2206
2501 2340 2203
2513 2402 2404
2400 2403 2394
2211 2347 2349
2348 2351 2346
2351 2348 2352
2211 2344 2347
2344 2280 2283
2348 2347 2344
2281 2345 2282
2343 2344 2345
2346 2347 2348
2349 2276 2211
2348 2344 2343
2347 2346 2349
2353 2576 2352
2343 2352 2348
2346 2355 2349
2359 2355 2360
2638 2639 2637
2416 2229 2412
2363 2361 2362
2346 2356 2355
2353 2352 2343
2351 2352 2350
2354 2353 2343
2353 2293 2576
2345 2354 2343
2293 2354 2281
2356 2346 2351
2355 2342 2360
2362 2356 2351
2342 2355 2356
2357 2411 2410
2405 2406 2302
2361 2366 2358
2358 2366 2372
2355 2359 2349
2359 2357 2409
2411 2360 2342
2359 2360 2357
2351 2363 2362
2364 2342 2356
2363 2351 2350
2362 2361 2364
2575 2579 2368
2361 2363 2366
2358 2367 2361
2364 2361 2367
2369 2373 2376
2363 2350 2371
2366 2363 2371
2372 2366 2373
2385 2384 2367
2367 2358 2385
2579 2500 2578
2369 2372 2373
2490 2564 2605
2374 2379 2377
2358 2372 2377
2621 2449 2448
2575 2371 2350
2371 2368 2373
2366 2371 2373
2466 2377 2372
2368 2375 2373
2375 2376 2373
2382 2381 2380
2626 2623 2628
2573 2375 2368
2375 2365 2376
2381 2569 2378
2376 2365 2381
2466 2372 2369
2627 2374 2625
2657 2668 2716
2376 2382 2369
2379 2370 2384
2377 2379 2385
2685 2690 2681
2466 2383 2672
2579 2578 2573
2460 2381 2378
2381 2382 2376
2383 2382 2380
2460 2463 2380
2606 2609 2567
2473 2421 2472
2471 2432 2384
2377 2385 2358
2379 2384 2385
2219 2386 2218
2205 2300 2386
2501 2467 2390
2273 2390 2387
2513 2404 2341
2393 2392 2389
2398 2391 2388
2397 2529 2389
2390 2273 2501
2391 2390 2388
2396 2397 2398
2391 2389 2392
2391 2392 2387
2389 2533 2393
2285 2289 2395
2300 2392 2393
2398 2388 2399
2522 2525 2526
2300 2395 2291
2285 2395 2393
2401 2396 2400
2585 2401 2586
2398 2397 2391
2396 2585 2529
2388 2507 2399
2400 2398 2403
2513 2341 2512
2398 2399 2403
2401 2400 2394
2396 2398 2400
2522 2401 2394
2531 2532 2649
2519 2520 2581
2581 2520 1575
2399 2404 2403
2403 2404 2580
2341 2404 2399
2580 2404 2402
2406 2121 2408
2405 2302 2407
2409 2406 2408
2406 2409 2410
2229 2414 2412
2413 2426 2430
2126 2408 2121
2409 2408 2129
2359 2409 2129
2410 2409 2357
2357 2360 2411
2412 2410 2416
2342 2432 2431
2410 2411 2416
2229 2413 2414
2302 2410 2412
2229 2422 2423
2413 2423 2426
2486 2414 2413
2407 2302 2414
2417 2419 2421
2416 2418 2229
2411 2431 2419
2421 2419 2471
2471 2419 2415
2592 2268 2476
2416 2411 2419
2422 2418 2534
2417 2418 2419
2419 2418 2416
2474 2475 2534
2425 2477 2424
2370 2472 2384
2474 2421 2473
2534 2418 2417
2422 2420 2423
2420 2424 2423
2423 2424 2426
2424 2420 2536
2426 2424 2321
2534 2475 2536
2268 2447 2476
2428 2426 2321
2428 2430 2426
2481 2428 2478
2427 2479 2480
2321 2478 2428
2428 2427 2430
2425 2476 2477
2198 2450 2458
2483 2430 2427
2470 2485 2226
2432 2342 2364
2419 2431 2415
2384 2432 2367
2431 2432 2415
2434 2433 1969
2441 2305 2440
2435 1969 1970
2436 1715 1896
2436 2435 1715
1969 2435 2434
1897 2436 1896
1895 2434 2436
2438 2437 1895
2440 2437 1368
1898 2438 1895
1892 2439 1891
1368 2439 2308
1891 2439 2438
2441 2239 2306
2437 2440 2305
2433 2441 2234
2239 2441 2440
2593 2442 2652
2784 2781 2782
2547 2489 2546
2563 2564 2566
2332 2444 2197
2607 2444 2316
2662 2606 2608
2465 2380 2463
2266 2446 2086
2269 2446 2267
2328 2447 2268
2446 2447 2322
2329 2474 2473
2621 2622 2568
2325 2330 2449
2449 2330 2496
2451 2450 2265
2458 2450 2333
2452 2451 2069
2450 2451 2333
2067 2452 2069
2452 2066 2453
2455 2453 2066
2498 2255 2314
2454 2336 2457
2451 2452 2454
2068 2455 2066
2456 1635 2256
2455 1638 2456
1639 2456 1638
2270 2482 2458
2454 2457 2333
2198 2458 2429
2333 2457 2458
2704 2378 2734
2570 2577 2499
2380 2381 2460
2734 2378 2572
2465 2383 2380
2615 2617 2445
2378 2463 2460
2462 2464 2465
2724 2728 2722
2449 2621 2260
2462 2465 2463
2465 2464 2673
2377 2466 2374
2369 2383 2466
2514 2516 2203
2399 2507 2341
2227 2470 2226
2468 2522 2526
2588 2586 2587
2130 2407 2470
2432 2471 2415
2472 2471 2384
2472 2370 2473
2471 2472 2421
2623 2568 2622
2496 2473 2448
2474 2329 2475
2417 2421 2474
2535 2329 2496
2424 2536 2425
2269 2198 2537
2592 2476 2425
2476 2269 2537
2478 2477 2537
2478 2429 2481
2321 2477 2478
2480 2479 2271
2481 2479 2427
2480 2271 2272
2480 2252 2483
2428 2481 2427
2429 2458 2482
2479 2482 2270
2429 2482 2481
2480 2483 2427
2484 2252 2223
2226 2484 2223
2430 2483 2484
2430 2484 2485
2226 2485 2484
2414 2486 2407
2430 2486 2413
2542 2310 2540
2781 2784 2596
2073 2488 2072
2546 2488 2074
2551 2553 2554
2315 2443 2549
2488 2562 2072
2257 2565 2605
2315 2563 2443
1924 2492 2259
802 2492 2491
2491 2492 2493
1924 2493 2492
2606 2318 2196
2492 802 2494
2549 2556 2552
2473 2496 2329
2449 2496 2448
2663 2713 2610
2608 2615 2495
2336 2498 2338
2455 2498 2453
2381 2570 2569
2572 2378 2569
2298 2637 2642
2569 2570 2499
2340 2501 2273
2509 2501 2203
1183 1523 2503
2467 2508 2507
1530 2503 1523
2506 1527 2504
1527 1958 2505
2512 2508 2506
1958 1837 2505
2517 2513 2512
1527 2506 2503
2506 2504 2512
2388 2467 2507
2509 2467 2501
2508 2502 2506
2341 2507 2508
2203 2204 2514
2502 2508 2509
2511 2097 2201
2502 2509 2516
1181 2511 2201
2514 2511 2510
2517 2504 2505
2513 2517 2518
2504 2517 2512
2513 2518 2519
2097 2514 2204
2514 2510 2516
2502 2515 2503
2510 2511 2521
2516 2509 2203
2515 2516 2510
2505 1837 2517
2518 1577 2519
2517 1837 2518
1839 2518 1837
2520 2519 1577
2513 2519 2402
1578 2520 1577
1575 2523 2581
1186 2521 1181
2510 2521 2515
2525 2522 2394
2522 2527 2401
2394 2403 2580
2582 2523 1575
2580 2525 2394
2522 2468 2524
2526 2525 2523
2582 2526 2523
1560 2468 2526
2524 107 2527
2527 107 2586
2591 2295 2532
2285 2393 2533
2396 2529 2397
2529 2528 2530
2532 2295 2649
2297 2531 2296
2294 2531 2297
2530 2590 2531
2530 2528 2590
2590 2588 2532
2389 2529 2533
2530 2533 2529
2422 2534 2420
2474 2534 2417
2592 2330 2268
2475 2329 2535
2534 2536 2420
2592 2536 2475
2429 2537 2198
2476 2537 2477
2243 2538 2242
2542 2538 2244
2539 2540 2541
2594 2593 2539
2541 2540 2309
2542 2540 2539
2543 2541 2309
2706 2595 1003
2542 2539 2593
2542 2244 2311
2543 2309 1369
2544 2543 1005
1003 2541 2544
2544 2541 2543
2547 2546 2074
2487 2652 2653
2549 2546 2489
2200 2547 2074
2547 2095 2319
2551 2548 1927
2489 2547 2548
2546 2549 2443
2551 2489 2548
2555 2554 2495
2602 2558 2598
2553 2551 1927
2552 2556 2550
2552 2550 2559
2552 2603 2315
2662 1927 2318
2554 2553 2495
2495 2615 2555
2551 2554 2550
2657 2711 2604
2554 2555 2658
2489 2556 2549
2550 2556 2551
2604 2559 2658
2445 2561 2555
2558 2315 2603
2603 2598 2558
2658 2555 2561
2604 2598 2559
2619 2665 2445
2604 2557 2598
2665 2561 2445
2560 2604 2658
2563 2562 2443
2493 2562 2491
2564 2563 2315
2562 2563 2491
2605 2315 2558
2566 802 2491
2196 2614 2606
2565 2490 2605
2564 2490 2566
2611 2613 2567
2622 2448 2473
2660 2611 2607
2570 2381 2365
2629 2572 2569
2573 2570 2365
2577 2570 2578
2631 2127 2572
2630 2571 2629
2734 2127 2703
2375 2573 2365
2368 2371 2575
2641 2643 2633
2634 2574 2635
2350 2352 2576
2705 2642 2639
2576 2293 2705
2350 2576 2575
2578 2570 2573
2634 2577 2574
2636 2578 2500
2577 2578 2574
2368 2579 2573
2639 2579 2575
2402 2519 2581
2580 2523 2525
2523 2580 2581
2402 2581 2580
1575 1576 2584
2526 2582 1560
2584 1576 1574
2584 2582 1575
2584 2583 1560
2401 2527 2586
2529 2585 2528
2588 2587 2469
2528 2585 2586
2588 2469 2591
2586 107 2587
2528 2586 2588
2588 2590 2528
2650 2296 2649
2531 2590 2532
2592 2425 2536
2588 2591 2532
2330 2592 2535
2542 2593 2487
2539 2541 2595
2706 1003 2707
2743 2744 2594
1003 2595 2541
2594 2539 2595
2442 2744 2754
2242 2655 1624
2557 2599 2598
2711 2599 2557
2601 2602 2599
2710 2599 2711
2605 2602 2257
2445 2617 2619
2600 2657 2716
2599 2602 2598
2599 2597 2601
2257 2602 2601
2552 2559 2603
2598 2603 2559
2559 2550 2658
2657 2604 2560
2315 2605 2564
2605 2558 2602
2444 2607 2614
2608 2606 2567
2659 2316 2260
2702 2661 2568
2618 2620 2613
2495 2553 2662
2614 2609 2606
2610 2611 2660
2697 2678 2675
2567 2609 2611
2607 2611 2609
2713 2663 2712
2712 2663 2698
2679 2674 2675
2617 2618 2616
2445 2555 2615
2444 2614 2196
2609 2614 2607
2620 2608 2567
2613 2712 2664
2679 2682 2684
2657 2600 2711
2618 2617 2615
2619 2617 2616
2615 2608 2620
2618 2613 2664
2669 2619 2671
2666 2669 2719
2613 2620 2567
2615 2620 2618
2622 2621 2448
2621 2568 2661
2370 2624 2473
2568 2623 2497
2622 2624 2623
2374 2627 2379
2473 2624 2622
2370 2379 2627
2672 2374 2466
2625 2374 2672
2628 2623 2624
2701 2625 2677
2628 2625 2626
2370 2627 2624
2624 2627 2628
2625 2628 2627
2634 2630 2629
2631 2629 2571
2630 2634 2459
2634 2629 2499
2629 2631 2572
2462 2735 2688
2635 2574 2636
2577 2634 2499
2574 2578 2636
2459 2635 2641
2638 2636 2500
2636 2640 2643
2579 2639 2500
2637 2644 2640
2639 2638 2500
2640 2638 2637
2576 2639 2575
2705 2293 2292
2644 2637 2298
2643 2646 2633
2298 2642 2290
2643 2641 2635
2637 2639 2642
2636 2643 2635
2646 2643 2640
2645 2644 2298
2646 2644 2645
2647 2645 2298
2279 2645 2648
2633 2646 2279
2640 2644 2646
2299 2647 2298
2589 2647 2296
2296 2650 2589
2645 2589 2648
2531 2649 2296
2742 2708 2750
2649 2295 2650
2750 2651 2755
2781 2652 2442
2653 2652 2596
2850 2654 2655
2653 2242 2538
2850 2653 2596
2596 2795 2850
1624 2655 2654
2665 2560 2561
2600 2186 2656
2668 2657 2667
2658 2550 2554
2560 2658 2561
2661 2260 2621
2702 2660 2661
2607 2659 2660
2661 2660 2659
2661 2659 2260
2568 2497 2702
2606 2662 2318
2495 2662 2608
2701 2700 2497
2672 2678 2625
2696 2693 2695
2618 2664 2616
2669 2668 2665
2657 2560 2667
2666 2668 2669
2715 2758 2600
2560 2665 2667
2668 2667 2665
2669 2665 2619
2716 2668 2764
2693 2671 2717
2671 2670 2720
2612 2695 2664
2720 2670 2721
2717 2671 2619
2720 2719 2671
2673 2383 2465
2672 2383 2673
2675 2673 2464
2673 2678 2672
2680 2679 2675
2674 2684 2698
2679 2680 2676
2675 2674 2697
2676 2688 2686
2679 2684 2674
2699 2697 2674
2701 2626 2625
2675 2678 2673
2625 2678 2677
2680 2675 2464
2682 2679 2676
2464 2462 2680
2732 2680 2462
2681 2682 2685
2681 2690 2691
2676 2686 2685
2682 2681 2684
2683 2685 2686
2690 2687 2691
2691 2693 2696
2698 2684 2612
2676 2685 2682
2683 2687 2690
2680 2732 2676
2739 2692 2740
2723 2724 2722
2721 2723 2726
2704 2735 2462
2735 2739 2688
2683 2690 2685
2724 2683 2727
2691 2687 2670
2693 2691 2670
2696 2681 2691
2731 2689 2727
2683 2686 2694
2671 2693 2670
2695 2616 2664
2740 2686 2688
2727 2694 2692
2612 2684 2696
2616 2695 2693
2612 2696 2695
2684 2681 2696
2699 2674 2698
2678 2697 2677
2712 2698 2612
2699 2698 2663
2699 2663 2700
2697 2699 2677
2663 2610 2700
2610 2660 2702
2677 2699 2701
2700 2701 2699
2497 2700 2702
2610 2702 2700
2694 2740 2692
2463 2704 2462
2378 2704 2463
2735 2704 2703
2642 2705 2290
2576 2705 2639
2707 1003 1004
2743 2706 2651
2755 2707 992
2706 2707 2651
2752 2754 2709
2651 2707 2755
2706 2743 2594
2600 2656 2710
2597 2710 2656
2710 2711 2600
2604 2711 2557
2664 2712 2612
2713 2712 2613
2613 2611 2713
2610 2713 2611
2763 2759 2715
2790 2791 2777
2186 2600 2758
2764 2668 2666
2600 2716 2715
2619 2616 2717
2693 2717 2616
2790 2793 2762
2773 2726 2772
2671 2719 2669
2767 2718 2765
2721 2670 2687
2718 2719 2720
2723 2721 2687
2720 2721 2746
2687 2724 2723
2772 2771 2748
2724 2687 2683
2726 2723 2722
2683 2694 2727
2728 2461 2722
2769 2770 2747
2773 2746 2726
2772 2769 2771
2731 2727 2692
2728 2729 2461
2724 2727 2728
2729 2727 2689
2741 2731 2692
2727 2729 2728
2730 2731 2741
2689 2731 2730
2462 2688 2732
2676 2732 2688
2127 2734 2572
2737 2733 2736
2704 2734 2703
2703 2736 2735
2749 2736 2733
2737 2703 2127
2739 2749 2741
2749 2735 2736
2703 2737 2736
2733 2738 2749
2741 2738 2632
2686 2740 2694
2688 2739 2740
2730 2741 2632
2692 2739 2741
2742 2755 2756
2757 2708 2742
2750 2743 2651
2744 2743 2709
2754 2744 2709
2744 2442 2593
2720 2746 2718
2745 2760 2759
2721 2726 2746
2748 2771 2775
2722 2769 2726
2761 2789 2714
2741 2749 2738
2735 2749 2739
2752 2751 2312
2750 2709 2743
2752 2312 2754
2750 2708 2751
2750 2752 2709
2753 2782 2780
2781 2442 2754
2781 2596 2652
2756 2755 992
2750 2755 2742
2756 992 996
2756 1000 1363
2759 2758 2715
2742 386 2757
2760 2186 2758
2763 2762 2789
2745 2759 2789
2666 2767 2768
2759 2760 2758
2761 2745 2789
2777 2748 2779
2715 2764 2763
2666 2719 2767
2716 2764 2715
2765 2768 2767
2765 2718 2773
2762 2763 2766
2768 2763 2764
2790 2766 2765
2718 2767 2719
2768 2765 2766
2763 2768 2766
2666 2768 2764
2770 2722 2461
2769 2747 2771
2774 2725 2771
2722 2770 2769
2775 2771 2725
2773 2772 2748
2769 2772 2726
2773 2748 2791
2773 2718 2746
2714 2762 2793
2771 2747 2774
2748 2775 2779
2796 2797 2851
2797 2779 2776
2790 2762 2766
2775 2778 2779
2775 2725 2778
2776 2779 2778
2754 2782 2781
2754 2312 2780
2784 2795 2596
2780 2782 2754
2784 2753 2788
2753 2784 2782
2783 2784 2788
2850 2795 2545
1 2786 2788
2753 2785 2788
1 2788 2785
2783 2787 2795
2783 2788 2786
2763 2789 2759
2714 2789 2762
2765 2773 2791
2777 2796 2793
2777 2791 2748
2765 2791 2790
2777 2793 2790
2792 2796 2851
2794 2714 2793
2783 2795 2784
2796 2794 2793
2545 2795 2787
2797 2796 2777
2794 2796 2792
2779 2797 2777
2851 2798 3
682 2800 680
2797 2776 2798
139 2799 123
1354 2800 679
106 2802 854
106 2801 2802
2802 2801 812
2807 2806 423
2804 718 1015
1024 2804 1027
718 2804 2803
1029 2805 1024
2806 2805 1023
423 2808 2810
2805 2806 2803
718 2803 2807
1383 2809 1382
1382 2809 2810
718 2807 2809
423 2810 2807
2808 1380 2811
2812 2811 1380
1382 2810 2811
2818 2817 2814
2816 1383 1382
693 2816 2814
2812 1380 2813
2818 105 2817
1696 2821 1314
702 2814 2815
2816 693 1381
2818 2816 2812
2820 2819 1313
1314 2814 2817
2816 2818 2814
2818 2812 2813
1693 2820 1313
2817 105 2819
1314 2817 2820
1312 2821 701
1314 2821 2815
137 2822 887
2823 2822 737
745 2823 737
2824 2823 729
1392 2824 1039
2823 2824 2822
1466 1474 2827
2825 2826 2828
1468 1473 2828
1468 2826 2827
2827 2826 1466
2825 2829 2
1468 2828 2826
1996 2830 1240
2828 1471 2829
1655 2830 1654
2833 1255 1257
2834 2831 921
1255 2831 2832
1673 2832 2831
2833 1257 1253
921 2831 2833
923 2834 921
2834 916 1671
1902 2835 179
1901 2835 1732
2166 2837 98
1845 1846 2838
2837 2839 2838
2836 2837 2838
2837 1850 2839
1850 2169 2840
1845 2838 2839
1607 2840 2169
1845 2840 1849
2050 2842 1907
724 2842 2841
1770 2843 1749
1765 2843 1770
2050 2843 2842
230 2844 229
2845 2844 213
2845 213 221
2846 2845 124
2847 2846 124
1988 2158 2848
140 2847 124
1988 2847 7
2152 2848 1859
1988 2848 2846
2183 2849 1396
2849 2184 725
2654 2850 2545
2653 2850 2655
2798 2851 2797
