-78.975 30.655
-78.975 23.305
-85.275 23.305
-85.275 29.6923822088324
-85.121473 29.715854
-84.881777 29.733882
-84.535873 29.910092
-84.451705 29.929085
-84.34446 29.899025
-84.361962 29.987739
-84.33428 30.03708
-84.237014 30.08556
-84.157278 30.072714
-84.024274 30.103271
-83.925364 30.034568
-83.680791 29.921574
-83.586836 29.818941
-83.542485 29.728152
-83.406437 29.650325
-83.395742 29.526314
-83.280229 29.433413
-83.218075 29.420492
-83.164578 29.296823
-83.077265 29.255331
-83.056542 29.129909
-82.998579 29.174124
-82.834216 29.15492
-82.763751 29.054518
-82.764055 28.999707
-82.688864 28.905609
-82.738695 28.824796
-82.715027 28.726971
-82.655132 28.674852
-82.669882 28.433055
-82.731461 28.325015
-82.792986 28.006491
-82.852168 27.885972
-82.738022 27.706807
-82.63982 27.703907
-82.587625 27.81901
-82.638423 27.90463
-82.720608 27.936156
-82.675572 28.005442
-82.415318 27.900378
-82.391901 27.823857
-82.514265 27.705588
-82.641346 27.525508
-82.707821 27.487615
-82.522032 27.228375
-82.445718 27.060634
-82.249888 26.762946
-82.145071 26.788834
-82.181198 26.921363
-82.115478 26.951132
-82.051105 26.864955
-82.091355 26.666771
-82.142554 26.643911
-82.100625 26.510764
-82.005899 26.534413
-81.868983 26.378648
-81.833142 26.294518
-81.801748 26.091405
-81.68954 25.85271
-81.642345 25.905431
-81.41504 25.78435
-81.290328 25.687506
-81.271489 25.61434
-81.16797 25.469489
-81.12141 25.33875
-81.172044 25.222276
-81.08393 25.116194
-80.900577 25.139669
-80.868151 25.175953
-80.722391 25.159547
-80.582083 25.21068
-80.465501 25.211755
-80.461342 25.132487
-80.399717 25.108492
-80.253015 25.340494
-80.31036 25.3731
-80.340026 25.467888
-80.237858 25.727228
-80.121008 25.813199
-80.108775 26.090088
-80.036158 26.602586
-80.031362 26.796339
-80.093909 27.018587
-80.261462 27.394353
-80.384408 27.741191
-80.530964 28.013656
-80.594164 28.195864
-80.606823 28.296404
-80.58903 28.407872
-80.525094 28.459454
-80.57424 28.585339
-80.709725 28.756692
-80.966176 29.14796
-81.163581 29.55529
-81.253877 29.776852
-81.308978 29.96944
-81.396203 30.331086
-81.393469 30.395553
-81.435829 30.526071
-81.4284497791204 30.655
-78.975 26.98
-82.125 23.305
-85.275 26.4986911044162
-82.545445 27.95291
-82.5778055 27.615548
-82.07123 26.765863
-80.2017248895602 30.655
-78.975 28.8175
-78.975 25.1425
-80.8044300158476 25.0863762251647
-84.2584183578211 29.9620832289314
-82.9084189960333 29.0279140336847
-83.27046655099 29.3244229278129
-80.8150873343403 30.655
-81.5320210026554 25.8466635293219
-80.2282115653859 25.4508464838509
-80.4951686434493 24.9544804474863
-81.221171000594 30.3559544898649
-82.8053746648432 28.562668653854
-84.4504116268415 29.7273604820986
-81.4531286293495 25.6065792472075
-80.4755268843065 28.3326000486414
-83.8092332524326 29.6540711655086
-82.0776968462551 26.2400324044439
-82.0188953279575 26.3849328961311
-82.9155340893107 28.730235509427
-83.6827340998343 29.7158668006284
-80.9644797821726 24.911003087442
-83.2697246638362 29.1103458002432
-83.16842654887 29.1761105406346
-83.4303356694317 29.3650354021155
-80.288942 25.597558
-79.9433392658716 25.3288532897248
-80.6569683777086 25.0036187789546
-82.7981504354991 28.4345945646899
-84.4220886010726 29.8284084827169
-84.2603434725254 29.7285791195337
-80.9053211968119 25.017732744262
-83.2672257312676 29.2173943096222
-80.0970968322536 25.3634126907558
-80.9922535 25.1279315
-81.0242048910863 25.013598543721
-80.7883915302053 24.8831602831064
-83.4600015480362 29.1683410320415
-81.3304451248791 24.904005257791
-80.8084495273974 24.9838181151495
-83.3567593866576 29.1659309545821
-83.4061937495239 29.2608099428731
-83.4126924689139 28.9824197884842
-81.1468130292238 24.8735412442358
-81.0619482969525 24.9229445566403
-80.55 23.305
-81.0309606742118 24.7721224563605
-82.4511539544105 26.4735551541042
-82.453083 27.7647225
-80.2105505768653 28.6547888877458
-82.9163975 29.164522
-82.8591331156746 28.8966278639022
-80.0508139991011 25.5953972217777
-81.1217685567303 30.655
-81.3034497791204 30.655
-81.5268834235938 25.7153474828934
-83.8119227001282 29.8199498865309
-83.5962132221941 29.5348272362987
-83.4938650188384 29.5803183212822
-83.5020634431436 29.4608838699923
-83.7200434666572 29.2802473834427
-83.5772917640316 29.3298242775582
-83.3379855 29.4798635
-80.5740837369603 25.0907149373176
-83.1119207506137 28.4811366265821
-81.2540405702672 25.0645321824577
-81.1590996666915 24.9922388971624
-81.2540170383286 24.9660747259637
-82.2796476542008 26.5275637886322
-82.4968955575387 27.8500038648402
-80.385950083687 28.5863122291903
-83.0938139554076 28.8834210379053
-82.8372401574529 28.7964518255289
-80.1223065487009 25.6925684123041
-80.1700040153267 25.5825900751144
-79.9411849561583 25.7509409808548
-80.0991741632728 25.4844363050474
-80.0415000423397 25.7520208398469
-80.1148915 25.9516435
-79.9448355453222 25.4831896891575
-81.2844515382462 30.5030679683713
-81.6135431638692 25.7777155509227
-81.8535660433561 25.6104880247902
-81.6717691853323 25.6054207294869
-83.7717141127539 29.7376406389575
-83.6055619952511 29.6415537912479
-83.7116582482994 29.5784874968318
-83.9011950580478 29.434578515118
-83.702220561658 29.4289842153408
-83.8257467638239 29.5319787571229
-84.0448462909646 29.6237758541529
-83.9476204980796 29.548462691919
-83.931067214477 29.6702457834126
-84.1364789744115 29.4050687461571
-84.0688877244587 29.845165870238
-84.0227987703523 29.451411035706
-84.025086904973 29.7379219628365
-84.0412397375419 29.9732952164858
-84.1197374407446 29.5266039009605
-83.9933418549893 29.2165485256067
-83.9204880832616 29.7840898337028
-84.1434653584602 29.7521401174705
-84.3632438507552 29.4982263862769
-83.9765394823592 29.3379344390623
-83.8030775 29.978071
-84.187961475734 29.8642189980381
-84.1805094695674 29.6342265532984
-84.2378237562969 29.4809497000598
-84.0899721937962 29.2917800624116
-83.8593639400138 29.2598590124206
-84.3045940263078 29.6101866191596
-85.275 28.0955366566243
-84.244320166691 28.9938557992519
-84.3222047298964 29.2626351889345
-84.1394977140316 29.1284938718639
-84.2100383587865 29.3086812426192
-84.3055294666746 29.3816543606658
-84.2297515483042 29.1970623395545
-84.5153065624185 29.3503675899887
-84.4057966192949 29.3350246238059
-84.4865194987251 29.1573509735111
-84.3501116743058 29.1253256078278
-84.4199137344587 29.2342641541396
-82.9502309222657 28.4902570069043
-83.1472381764688 28.1056594553081
-81.127987 25.169235
-82.1215895 26.5773375
-80.4799079583103 28.5496307047336
-80.3820101264844 28.4422518787343
-82.9785372983236 28.9266968188851
-83.0172529355571 29.0284129668667
-83.0009333669326 28.8111817106727
-83.1551724618571 29.0333767914715
-83.1732583291498 28.6854471255045
-83.0402789993042 28.6841497995874
-78.975 26.06125
-81.5624797437339 25.6118195679567
-81.5998868967998 25.3142098176955
-81.5152070478522 25.4547220057795
-83.9331723783358 29.9091294572123
-83.80968055868 28.8772861751339
-83.8036800378524 29.3655581079892
-84.3551761509689 29.6965580938972
-84.4701855551709 28.9204049952636
-84.2513647461956 29.0964863597209
-82.944445018806 28.2704774308921
-82.9793152852375 28.023199324135
-80.2581066751142 28.5177246106787
-80.1333819509111 28.1355050166664
-83.2774472909937 28.9751243421937
-83.0882887125632 28.9732129765216
-83.1059048082055 28.7733459842658
-83.2289328454289 28.8425611852921
-83.1076566327616 28.5937793446036
-83.274490772163 28.5436928234409
-83.0009780419076 28.5845454785097
-79.845696356515 26.0091077797736
-83.7616045148586 29.0780421620672
-84.4417789478749 29.0413991952582
-85.275 28.8939594327283
-84.3574614132594 28.9577717074972
-84.6519508291583 29.0269109322754
-84.3131628352341 28.6354254224696
-84.544628565977 29.0017141758651
-84.2475790203437 28.8086553248382
-84.6390996910629 28.8404877652356
-84.2772878465802 28.9018070011317
-84.1248082234079 28.8991239152567
-82.8462699576528 28.3302261570977
-82.9441061532899 28.3804522995181
-82.7622235 28.165753
-82.8494364464381 28.2248974475616
-82.9463718367399 28.1446514508467
-82.8893624783763 27.979027143685
-80.2927793553954 28.6065369322754
-80.3938472152252 28.8474133730362
-80.3656675040067 28.7175956839345
-80.2215128076394 28.3182061176355
-83.1832695261069 28.9344317464819
-79.9877671625928 26.0153844905522
-79.9899733359591 25.8786713439401
-83.777503298057 29.1866837989397
-83.8975975828568 29.1136248731847
-83.6200972273531 29.1542346993679
-83.0631521729664 28.2093674926697
-83.0430232527478 28.1056738378271
-80.5320785840795 28.7494399426995
-80.4685850871191 28.6593026817826
-80.2780108553499 28.4109588632519
-80.3497509987988 28.3036765549121
-79.9189164299385 28.4768206969798
-80.0724665 26.346337
-79.8433446975804 25.861495301558
-84.0201092793258 29.0956535786806
-84.1063792621497 29.0154595134872
-83.9382217007077 28.9639911335088
-84.0360826513944 28.9446961989406
-83.9786435791017 28.7237100245458
-83.96560448506 28.845057080254
-84.0713706273205 28.7950478876909
-84.1307068752715 28.6219872902002
-84.0718386570598 28.6985059279614
-83.9878967521788 28.5730228407727
-83.2848553558712 28.3031811291296
-80.442088126021 28.768974299982
-80.4433004959043 28.1848043350815
-80.2709922676453 28.1817316400872
-80.0840677917662 28.5341219468538
-80.1507723669556 28.4248794816886
-79.9079004571615 26.2121390876788
-79.9091399629403 25.9342720689328
-79.6743938532041 25.6134029507693
-83.8493892230758 29.0202053702057
-83.1875421401075 28.2242800178011
-80.1796159802186 28.225809483367
-79.974612125745 28.2737795704302
-80.0711599208218 28.224349085425
-79.9233255581497 28.0546024814688
-80.0699109508469 28.3409135798503
-79.976173490386 28.1578252463524
-79.9699171095213 28.3816511281671
-78.975 27.89875
-79.7357669517248 28.3174219929998
-79.8455179658844 28.3762367630662
-79.8402761244947 28.2139830160244
-79.6616969227108 28.5874475652956
-79.777691866188 28.5028033248289
-80.3566191279473 28.2128349224806
-80.3591211109517 28.0725306425523
-80.1748265462164 28.5656117875033
-80.09062075 26.2182125
-79.9128737426743 26.0995707845345
-79.7520040295573 26.1488575469012
-80.0010991502125 26.159862608897
-79.7903416657383 25.7160164342382
-83.1104432943994 28.3411414616758
-83.3728842770489 28.0951485578614
-80.0517127439743 28.4393791380403
-79.8852499584787 28.2937416175768
-79.5093715330687 27.9841695430434
-79.6403745084087 28.4364269010481
-79.9025404127769 28.7956943372161
-80.4594107067193 28.0850309792036
-79.9974264769718 26.2703560011691
-79.8100398349476 26.46057428899
-79.9404689075795 26.4016540374154
-79.5905725737951 25.9393472621414
-79.8562927954045 25.7743829959338
-83.0393513600535 28.4118971178716
-83.2167725630654 28.410024681355
-83.2615780689134 28.1329673075889
-83.2517152920533 27.9212349459455
-83.2260912903978 28.0285244377431
-83.1044961077264 27.9427791586532
-82.9844849574132 27.8870453880866
-79.6534962941412 28.1297854413806
-79.8749088892457 28.6344179756666
-79.826707501934 26.3236481735537
-79.9216681648871 26.5338582604845
-80.05431225 26.4744615
-79.7282718995756 25.9371535326297
-83.1441878793078 27.7002346525386
-82.9197015536786 27.7170026796043
-79.7307009367103 28.2077888552273
-79.784319644674 28.0775104816897
-79.8584346359376 28.5448747142976
-79.7681667047137 28.6115510265113
-79.6628642201358 28.8294922121857
-79.6902927828491 28.7083347955557
-79.4148577854753 28.7096631230659
-79.779839325497 28.7922904960996
-79.5527290136148 28.7408754890322
-79.8320204015728 29.1245318282884
-79.8367630798356 28.9535685666179
-79.7478657419909 28.894260474281
-78.975 29.73625
-79.5308884240915 29.0908584463634
-79.6211320689198 28.9724231680341
-79.8110911062465 26.2269634295537
-79.6245201662195 26.3067016702794
-79.6721278789974 26.7923056770028
-79.9020866342394 26.6962031674364
-79.7331578106005 25.8192453710725
-79.661232041127 26.0518509347752
-83.0904446023169 27.8159596865297
-82.9189092799048 27.8146665688337
-82.795095 27.7963895
-79.8634959626626 28.1247545086469
-79.792111681953 27.6915941693701
-79.6665832558802 27.9727000970166
-79.5128066381257 28.5971120609453
-79.444526778508 28.8987177807053
-79.7201673208504 26.3801568229227
-79.7225833568995 26.2780114250439
-79.5031524254264 26.5637360267652
-79.6637986552446 26.5335813601171
-79.7584228094588 26.0518789642184
-79.3911810201219 26.1430190070406
-79.6250235897989 26.1767046040198
-83.2139252109387 27.8029628521116
-83.551428579872 27.7602977540346
-83.3866363732609 27.8129518557167
-83.2983606091597 27.8411575649225
-83.0327054745141 27.7188035120362
-83.038424790153 27.4092012179182
-82.9786728271939 27.5629513874596
-79.551038390439 28.8557244750857
-79.4660036449706 28.7984919856924
-79.5152821455026 26.0650756011997
-79.4963844814066 26.241205947139
-78.975 25.601875
-79.5342464942954 26.1561893274698
-78.975 26.520625
-79.4947073180974 26.4025771893892
-79.2906148776838 25.8451297485627
-79.5357357441751 26.322309269284
-79.3765930875893 25.9820238513079
-79.4248211520695 26.0588123494798
-79.4835828306922 25.9606855567246
-79.4954161581008 25.7411263368113
-79.517613066573 25.8524211512049
-79.6254144807397 25.8360219494947
-79.4051348498616 25.8169931704105
-79.663734205054 25.727755256857
-79.2875105604794 25.5853699508645
-79.3193320647462 25.7148881091697
-79.4233700849931 25.620658642065
-78.975 25.8315625
-79.5491758362565 25.6271976624441
-79.450503076337 25.2370279120516
-79.1364068250981 25.6911630618208
-79.4013342394386 25.4263252357734
-79.2324690824806 25.6675613864019
-79.3749955142256 25.5277278824004
-79.5024847440643 25.5067204543606
-79.536298776642 25.3603471433064
-81.352684 25.735928
-81.937441 26.4565305
-81.9572607682843 26.2755399532469
-81.9724308748204 26.1049906047274
-81.817445 26.1929615
-81.9984532980037 26.1932546131746
-80.13889537917 25.105949560646
-80.6206915184521 24.83211766417
-80.893130597039 24.7914966689251
-80.7442786092173 24.7270831804266
-80.8034055179364 24.7946443092269
-80.924510933322 24.514783953324
-80.9445283280649 24.6571896925515
-81.2104099158019 24.5472060492646
-80.8133011125039 24.6030260163152
-81.0632766123829 24.5678879784505
-80.8507696411526 24.6982974719567
-80.6311943593185 24.2593214232094
-81.0471186432973 24.6700052174055
-81.0967750521605 24.2724977647935
-80.7541447849417 24.4142735439961
-81.0419080876401 24.415870165879
-80.8200067755762 24.497278178395
-80.6007469870368 24.5659957094169
-80.7141423737177 24.5436516519076
-80.6750682088338 24.6442625313804
-81.126159001721 24.4815381075718
-81.2955064882554 24.3511482587006
-81.2276585121668 24.4381961218839
-81.4302249996074 24.5261177174786
-81.1865098525451 24.3361580922147
-81.3402873346285 24.456017334542
-81.2716123152788 24.1211240371934
-81.5210654030342 24.3168264584267
-81.2027297136212 24.2182200899488
-81.4127148994748 24.3630939325645
-81.3375 23.305
-81.4085701040614 24.2033846292097
-81.0389382817815 24.0290403285788
-81.0976685398037 24.1436868130506
-81.1717915715979 24.0333494167886
-80.8620773379077 24.1920075469667
-81.4581543826781 23.8083337317833
-80.9731572479236 24.1351043474802
-80.8152598292851 23.9637454277423
-80.9687523660687 24.2633759815231
-80.870392808789 24.0713697170172
-80.887597760245 24.3760143183329
-80.9346524233367 23.9705175709044
-80.6944092740452 24.0935875648164
-81.1137199003939 23.7736030832129
-80.7879323698387 24.1262912881303
-80.7514415726154 24.2421478601939
-81.0468846450239 23.8927015716917
-80.7024958186756 24.3290006158418
-80.5567859377813 24.406782561206
-80.8393258250447 24.2889361546321
-80.885576565032 23.7798936193007
-80.8797265619086 23.8830289239445
-80.7209092380743 23.8222869824496
-81.3358552594269 23.9474170952675
-80.9756176896532 24.3538770080911
-81.1877084572811 23.893426138362
-80.6538106097592 24.4541244507917
-80.9999602998678 23.788066312169
-80.94375 23.305
-81.0262466757745 23.5402040788942
-81.0423980854744 23.6672419568795
-81.2703421579525 24.0219211658047
-81.3979632769409 24.0680856746437
-81.2903406134627 23.7472978273115
-80.8909882350754 23.6219463111713
-81.6062841585394 24.1198194991205
-81.4790593704481 23.9500278205312
-81.2076738446505 23.7983430532851
-81.206886500566 23.5817834684793
-81.1859314225797 23.6901408783752
-80.949388433263 23.7024386814892
-81.4935043456794 24.1286609272122
-81.5570450947275 24.2154551938113
-81.5428800052098 24.0347676252004
-81.8392936905217 24.3002804349862
-81.8036998263611 23.9064917216791
-81.7060414866584 24.2316741077116
-81.6372287186738 23.8973074459366
-81.4085636169448 23.8880393221918
-81.1089141320534 23.5942395318851
-81.5398141644327 23.8686751333658
-81.73125 23.305
-81.6656528505782 23.6205702291951
-81.5777285142555 23.7319401609241
-81.73316400124 23.7642611534279
-81.4419212270722 23.5343308012229
-81.6635190117631 23.7092778254965
-81.4546427748653 23.6710594475436
-81.5476188901258 23.5934525916951
-81.534375 23.305
-81.6424456951591 23.4511432805209
-81.5389414860891 23.4849222230693
-81.4359375 23.305
-81.38671875 23.4210276862705
-81.3355340728772 23.6131854509855
-81.3874705968568 23.7414598335307
-81.140625 23.305
-81.2951215185649 23.4995249781298
-81.1627792774228 23.4460194835291
-81.2390625 23.305
-81.2864278820726 23.3966901966933
-81.0421875 23.305
-80.99296875 23.4198064565348
-80.746875 23.305
-81.084340134639 23.3910248124631
-80.8453125 23.4151547333804
-80.8453125 23.305
-80.6484375 23.4920273216611
-80.7325378495808 23.4168727830606
-80.6484375 23.305
-80.7743616815119 23.5483077676417
-80.6464220464894 23.6655509710947
-80.8757750415522 23.5168663986087
-80.7746407659546 23.6770398817432
-80.6850042479673 23.5792255687747
-82.2612321450148 26.6448078738058
-82.5085722247248 26.7281722820022
-82.3751709181211 26.7153624989454
-82.347803 26.91179
-82.4528973521986 26.6069447150791
-82.3517468245954 26.5989566965618
-82.4321108079597 26.8234161532728
-82.2988455 26.837368
-82.3967605 26.986212
-82.5551067290251 26.9353601005298
-82.5382650814331 26.8303229967526
-82.8296410383217 26.8374725269859
-82.6864568673447 26.7318561909083
-82.5999417585044 26.6128116036733
-82.5980292443146 26.7051610378848
-82.9638886294968 26.439274404444
-82.7980200836747 26.5598186108483
-82.7091677470022 26.6243916397988
-82.8297076105654 26.696837391776
-82.7709848299206 26.7671271776227
-82.6781664953378 26.8706466867598
-83.2085255300634 26.7673342956097
-82.9514256814311 26.5965148856622
-82.7215578378427 27.102522794012
-82.6641079748682 26.9932754788038
-82.5838115666813 27.1052301656752
-82.8124193656922 26.9850122298565
-82.5330034374546 27.0264554606902
-82.764994777307 26.9047016051848
-82.949032284731 27.1845273430889
-83.0440503220132 26.9372745543158
-82.8485286993187 27.1068159527085
-82.920339589307 26.9228343345107
-82.9684713167769 27.0476261603951
-83.00135463507 26.7659116536382
-82.9257291073777 26.8262424934289
-82.7785284516895 27.2973461345806
-83.246401675435 27.1569210674877
-82.7821395003813 27.1905487866034
-82.6149265 27.357995
-83.1199925316894 27.070344372535
-82.6531978782507 27.2171093108949
-83.0340684934359 27.1267712072158
-83.067521394795 27.2675038201205
-82.6872070139924 27.3019888644381
-83.2613985439801 27.3811512792934
-83.1451442510878 27.3572792445857
-83.1626067745467 27.5288069783554
-83.2234239476549 27.2710744669478
-83.4448854525803 27.256262773865
-83.3321415746113 27.2335687660729
-83.4302566484857 27.0375357889112
-83.3545553656789 27.1222170053754
-83.2659094112207 26.966794004409
-80.006894039706 25.4054125839832
-79.9158734441603 25.6166953448881
-79.9935292020659 25.670579405578
-79.7964174815313 25.5208868391589
-81.3514366869248 30.5718456816288
-81.2995896091934 30.4093896296468
-81.1177325508405 30.4876150413852
-81.2126091679254 30.655
-83.663921779864 29.3489586698828
-83.5997342934471 29.4298266663746
-84.1489680191006 29.9649857587998
-84.2786918431372 29.8255030986599
-81.6689928319584 25.4516289008575
-81.3835267033003 25.2795923751719
-81.2568000997142 25.328364377397
-81.368018697874 25.428323059617
-83.3561746161013 28.7090507672304
-82.8977730616241 28.6219185615864
-82.8028523370432 28.6682733194364
-85.275 29.1923822088324
-82.77760475 28.086122
-83.6065255966267 28.9595267561044
-83.5460325031475 29.2291914771554
-80.8379505 28.952326
-80.6419825 28.6710155
-83.742442860827 28.6335780699244
-84.1912051298519 28.2127947494789
-80.5146024326477 28.2466684609111
-79.7354715877968 28.4149202213857
-80.0455230884976 28.7011473479005
-79.5667489510022 28.2796748367162
-79.9763922112096 28.577813244944
-80.1433414691926 29.0476207473321
-79.6810123041823 29.1116487958055
-79.7353021203539 29.0093706640455
-80.03376 26.6994625
-79.8506012595002 26.8961859579714
-79.5928809370093 28.0456476887223
-79.4527948747398 28.1484779224482
-79.5721848098659 27.7619658268324
-79.5911784331673 28.6527734453257
-79.5826633333901 28.5215906423044
-78.975 28.358125
-79.3893296342922 28.4128276956246
-79.4730330139318 28.4902526379696
-79.5006745965648 28.3764116411522
-79.3234486360246 28.5680089663526
-79.40659238155 28.2771788738936
-79.4873703027206 28.2335338097033
-78.975 28.1284375
-79.1909859145332 28.3186635150491
-79.3055862734838 28.3332476227986
-79.2737254017073 28.1568371965606
-79.2316174572884 28.4569359335887
-79.3649846024882 28.189598435349
-79.3219121592733 28.4757813997539
-78.975 28.5878125
-79.0980972324082 28.4210650106367
-79.1514305203681 28.6167294720625
-78.975 28.47296875
-79.2267111366531 28.5544901727707
-79.5128272861227 28.9834975451873
-78.975 29.276875
-79.3165567619304 29.0717154421678
-79.4262252710896 29.0532660993152
-79.4066708084504 29.2722045917956
-79.4450711628756 29.1652918160282
-79.5951141042371 29.2795360348388
-79.5433317974049 29.1918927092624
-79.6053064103821 26.6649606578289
-79.3095454310676 26.8612787983288
-79.7550650214986 26.6675822048492
-79.4371219445635 26.7325309915608
-79.8161087322156 26.5729897493826
-79.5066126710366 26.6624022634825
-79.5511605665194 26.7760385095994
-79.4492001023372 26.8720811088088
-78.975 27.439375
-79.3502728668608 27.2428899277121
-79.365324063832 27.0483047073439
-79.3733866775963 26.9440694442569
-83.3893390526822 27.9545170002758
-83.3195516033219 28.0176298651703
-83.7182654148718 28.0642818856956
-83.4993812573749 27.8816077672206
-83.6802326227571 27.8873806443355
-83.5909377257397 27.8490692124896
-82.8353439356181 27.5963975112554
-82.8300982793944 27.6898712686173
-82.9183231022391 27.6281621726402
-82.8730859299384 27.4343043192317
-82.7250668707301 27.5972899143503
-82.8941692162418 27.5246539237211
-79.5704764813635 26.4794073951457
-79.6271150279415 26.4023222962843
-79.2427985274705 26.4965785012113
-79.1742260691439 26.0136762740966
-79.4405290852933 25.3354715442163
-79.1985449195971 25.2612274072801
-79.326935500382 25.2742355264919
-78.975 24.22375
-78.975 24.683125
-79.2953744214299 24.9456306856707
-79.2784091800648 25.1130781972245
-79.2692248044104 25.2037282985348
-79.6484565650016 25.4633493538523
-79.7238610049962 25.1383517582566
-82.3888474097578 25.8889398343253
-81.9030181248875 25.8980775850232
-80.0478289961009 25.2232896568649
-80.1618234638625 25.2619316362928
-80.326366 25.224493
-79.9244599798879 25.0335364270675
-80.2280114450477 25.1725263884411
-79.9018052580938 25.1832466162464
-80.0191009284981 25.1069862465058
-80.0775059228226 24.9340328379303
-80.0182647869203 25.0103657321621
-79.9380099177877 24.8869261434196
-79.749707888039 24.9434542874795
-80.1346567068815 24.5346969409748
-79.8552726381414 24.953210736841
-79.7932427656976 25.0483904036269
-80.0690214764317 24.7290610867167
-80.033862046025 24.8331779247157
-80.5916161954271 24.9278551342545
-80.3850638478116 24.7159684493607
-80.5355564113724 24.7023205617642
-81.3080122235283 24.2435792167366
-80.6754641891376 23.9547925398181
-80.5129991145346 23.8250265042608
-80.4627541941699 24.0545172707206
-80.6174442224338 23.860847741754
-80.5944752894588 23.7576414209894
-80.5289280018415 23.9487597074247
-79.7625 23.305
-80.15625 23.305
-80.3480360578297 23.9091550581324
-80.5817308435654 24.0553807589066
-80.3794932867406 23.5756771006475
-80.4313975434078 23.9613153646101
-80.3168184096737 24.0517398597483
-80.5213495019184 24.1779943166426
-80.4685941153409 23.6883863563424
-79.9483239020016 23.896351520732
-80.6196925630201 24.1600115787234
-80.5194313612673 24.2954298651253
-80.3456325725872 24.2338576727984
-80.4428759426121 24.2354460032785
-80.3918906357008 24.3793613690758
-80.5207290999385 23.5555983503999
-80.2928709626773 23.7357286219391
-80.146991764604 23.9398480460583
-80.3882514360366 24.1337762833031
-80.5534103663595 23.645058183822
-80.5381986001858 23.4306302037184
-80.4006538977179 23.786000802025
-80.370562911568 23.6743102674387
-80.2534140143828 23.9631482317157
-80.224399484452 23.8409815914933
-80.6283026718909 23.3985136608305
-80.353125 23.305
-80.0419876675881 23.6474167704923
-80.0730320322425 23.8022045979574
-80.4515625 23.305
-81.6866522555294 24.4330425137497
-81.8580819889663 24.1000792041598
-81.713872821483 24.0213740187821
-81.6254187134995 23.9903106093403
-81.7112986473697 24.1265740189232
-81.8148709991023 24.0077857398027
-82.0851020611112 23.9375281639003
-81.9421425265655 23.9424866338449
-82.0186340390865 24.0845029339759
-82.0038580327275 23.6584902697585
-82.0155149463421 23.9945751836977
-81.9087891579627 23.7865346750035
-81.8863398807108 23.872878504545
-82.0103738893414 23.8463514122284
-83.7 23.305
-82.2272840086838 23.7447844377938
-82.1317233396986 23.8231056540625
-82.3337344781928 23.9721239265773
-82.114441479829 23.7045618709073
-82.2516474583645 23.8719685548465
-82.9125 23.305
-82.1326435624388 23.5051224241998
-82.029943229851 23.7516290901899
-82.0922865040555 23.6019895293062
-81.928125 23.305
-81.9579418113815 23.489178057339
-82.2038474883151 23.9948620705108
-82.4899177765822 23.76039978437
-82.1101154517447 24.0373574140996
-82.1913781220471 24.3073681884476
-82.2185680149259 24.1519512673035
-82.3566184531582 23.7859346658786
-82.2833479259155 24.0666465518711
-82.4706630437669 24.2761416805076
-82.4579429158853 24.099025825178
-82.4459189991361 23.8914112650107
-82.51875 23.305
-82.3591356802652 23.5542000069766
-82.2300929678919 23.6025624730322
-82.4361355320807 23.9961333310334
-82.7242170814062 23.9888335639361
-82.5792692596973 23.9566873029126
-82.4036134211101 23.6705641494275
-82.6288223999005 23.5405814957844
-82.4950665029351 23.5689257257407
-82.6202999459994 24.1145382564513
-82.6930733102795 23.7864024081448
-82.5475458623398 23.8526475438718
-82.3017444784127 23.6751163499512
-82.5857668153702 23.6671709056833
-82.5375663889914 23.4397139850204
-82.6401296853542 24.0251257576715
-82.6692828514604 23.893673831741
-82.715625 23.305
-82.321875 23.305
-82.6171875 23.305
-82.66640625 23.4206472443036
-82.4203125 23.305
-82.37109375 23.4250263882075
-82.8788606893474 23.5530801468196
-82.8140625 23.4151916090881
-82.2337817497832 23.4112287173543
-82.4499091948442 23.4824774083232
-82.8140625 23.305
-83.30625 23.305
-82.2234375 23.305
-82.1337288558943 23.404873789167
-82.2680842017558 23.5075924812138
-82.9484710306939 23.4361984144112
-83.2285287509461 23.6821597157001
-83.109375 23.305
-83.0656737783846 23.5851694504431
-83.0109375 23.305
-82.978435750348 23.5332137788005
-81.7228882873546 23.8579627023057
-81.6328125 23.305
-81.4866482963551 23.3962303806776
-80.7944482116481 23.7669293386274
-82.4612211406986 26.9149733122484
-82.8904155182992 26.5125650440156
-82.7297174348164 26.2779935323412
-82.7819886964665 26.4145145542894
-82.667922963831 26.4925090902809
-82.8909564509615 26.2945255673407
-82.5572396771256 26.5093224236545
-82.5902609320591 26.3539791623088
-82.8061605665759 26.3269922731733
-82.6834301948286 26.3927812601281
-83.1773872702551 26.5353105483109
-82.9302435030965 26.6948147936539
-83.1044965374201 26.8312138181579
-83.1576752491933 26.9317766146174
-83.1373775369329 27.1805330814491
-83.4012985990969 27.5746372336527
-83.2912920902377 27.6754073320242
-83.0635029021683 27.5074331244
-83.0741456749645 27.6162628402073
-83.2211196100146 27.0582627203603
-79.7738443290182 25.6178433612204
-79.8464792787 25.4069677926789
-81.2052994686771 30.4499483252045
-80.8147768319232 30.1431361808454
-80.9684279455353 30.655
-81.1956522855818 30.5540301343276
-81.5911249845728 25.4047017435453
-81.5933808272213 25.5168597657526
-81.7649291613659 25.5268179684227
-82.0346429253846 25.3298777463515
-81.8346187345203 25.3390998613333
-81.7697836776597 25.4218251507077
-81.9161435568523 25.4697635993906
-81.7185029730253 25.3148649149946
-81.8418463787934 25.0141829147737
-81.6602950263415 25.115347827692
-81.6596962173538 25.2237719848683
-81.8099262202849 25.170387948593
-81.5048394063107 25.1687030037339
-81.4847188603375 25.3405759573753
-81.2644539371145 25.4317011568371
-81.4296262656981 25.5083543266489
-83.2710390654144 28.6482520496054
-85.275 29.4423822088324
-82.8755015227592 28.0764219252505
-83.5313532334882 29.0625934178041
-83.6572937539434 29.0538150484759
-83.7328837978633 28.9650297685891
-80.5956409451735 28.9856230006545
-83.8746422549766 28.6416959724834
-83.821516538469 28.4263567849302
-83.8017442792326 28.7483464458126
-83.8957858984494 28.7761807979319
-83.8143946202462 28.5423366537944
-83.9130824869873 28.4901881301482
-83.6325972858931 28.4729645146668
-84.0984772608945 28.3979467020994
-83.7126443053655 28.536088522728
-83.5717364048685 28.6324571593477
-83.9522304543701 28.33643917636
-84.0186876950473 28.470010667722
-84.1257619690633 28.5083601373021
-84.2269304634744 28.5608785901391
-84.4708652944346 28.3658541672484
-84.3669968619296 28.4860044272374
-83.6687705163031 28.8212451261164
-79.9455334528612 28.705323088743
-79.642001375798 28.3399959846793
-80.176689019795 28.8511608471797
-80.2844725926645 28.8031881289623
-80.0106705385251 28.9333860699563
-79.9194564941087 26.8072938460204
-79.7976444390306 26.7840525017082
-80.0626355 26.907463
-79.9514654110122 26.9987121034078
-79.9622621259862 26.898521288668
-79.6719832047341 27.1727861578243
-79.9829714998952 27.293292423688
-79.7922447928657 27.0544740629459
-80.1776855 27.20647
-79.8587170943699 26.9890793066939
-80.0040725998886 27.1420606222693
-79.5811223202119 27.8844723015008
-79.7252863522299 27.8303336332432
-79.4079711490115 27.8355253593442
-79.4856597423119 27.8914368132129
-79.369829481061 27.9704525720808
-79.3529251473318 28.0797053378718
-79.4444422104695 28.0537070605231
-79.1979380246423 27.9997905123901
-79.8322930640363 27.9354150907666
-79.2638313254207 27.867634052674
-79.2792229415579 27.9578137751278
-79.2692649791853 27.5524414514981
-79.118839800614 27.8778466318743
-79.3045170556825 27.7106923038554
-78.975 27.6690625
-79.3243153877824 27.7995694209326
-79.1836125091484 27.7630934710323
-78.975 27.78390625
-79.0746156302579 27.726484375
-79.1665245812731 27.6334059761325
-79.1284613972712 27.4794367095598
-79.4139181565728 28.6099493129831
-79.2689197102338 28.7035165259689
-79.3330482699761 28.8224156478091
-79.1268010392988 28.7729918222374
-79.3293758132373 28.947368074596
-79.1797805453651 28.7012700738079
-79.2289371172384 28.8018247606905
-78.975 29.0471875
-79.130755841504 28.9542994055975
-79.231786559347 29.0001419806685
-79.1505867121823 29.1823002980015
-79.217560602569 29.1029777371395
-79.2799227472627 29.2235666423218
-78.975 29.5065625
-79.2483479258198 29.4953175716919
-79.2989367261543 29.363485690834
-79.1232011490721 29.3716717512711
-79.5024986214359 29.5172223113625
-79.2081340551648 29.3045736571754
-79.2128623025788 29.4060780736492
-79.4270554285994 29.4054803108415
-79.3740131453248 29.5226310165514
-79.5546659024465 29.4006623679822
-79.2530924877356 29.7762290223178
-79.4993746921909 29.3148820709613
-79.8425782986408 29.5994736320499
-79.4463734326679 29.7127615752023
-79.2837418855172 29.6352155646697
-79.7652009762135 29.4036505071746
-79.4418641819817 29.6056429209061
-79.6048857423834 29.6524346274469
-79.1158830670731 29.6032572637598
-79.1300715474063 29.4877972368802
-79.3422722403045 29.7217747537065
-79.4134913429416 29.9386622461229
-79.4033773315209 29.8218465580727
-79.609793073685 29.8628205745515
-79.5144689224451 29.8026175701251
-79.6604089010675 29.3686568696099
-79.6688977220264 29.5176383999878
-79.7569001825487 29.2541059095736
-79.2072559489479 29.5801400765173
-82.9400372007984 27.3182268136671
-82.8677026847954 27.2462079419022
-82.8543247539212 27.3461363791012
-79.3835394204761 26.4892033428497
-79.3292512547711 26.3148284899578
-79.3203890814942 26.6306729641582
-79.3954581944857 26.3898544675992
-79.3970388630672 26.2421967222521
-79.4071431395789 26.5845693463149
-79.446568807181 26.316564270922
-79.2686127927857 25.954395403885
-79.2817050993484 26.0800223975715
-78.975 26.2909375
-79.1357497334529 26.1962366653965
-79.1878243772367 26.1118770687994
-79.0838703135459 26.0762301511074
-79.2582123430799 26.2135795854738
-78.975 25.94640625
-78.975 26.17609375
-79.1053590057805 25.888984375
-79.0673966755021 25.9794836738489
-79.0743208391759 25.7827658560388
-79.1840860782823 25.808335399147
-78.975 25.71671875
-79.4569827559164 25.046587507987
-78.975 24.9128125
-79.1266134661543 25.1268493934103
-79.7075490005246 25.5304034939029
-79.6003824477697 25.2242583048844
-82.2006894475653 26.0356102039067
-81.8936053829673 26.0163346580882
-81.745644 25.9720575
-81.7962790624437 25.8753937925116
-81.8777782145025 25.7543711666758
-82.1368208266467 25.7829438748822
-81.7600965412447 25.700195500511
-82.0031338306076 25.8064240216875
-81.6659110619523 25.6994269925996
-82.053909666138 25.9623942119275
-82.0398797337065 25.6233197278523
-81.9930791697619 25.8959473892143
-81.9431074681248 25.6693990373172
-81.9534054150771 25.5663694678422
-82.0749600147933 25.4759259608767
-82.0572182377673 25.722038553715
-80.4704732022712 24.821210702644
-80.2776609308892 24.8904093994673
-80.1656463294489 24.8196854826095
-80.2626729626242 25.0331990580566
-80.3619380553548 24.8220142960582
-80.264688966106 24.745262358596
-80.3829890356078 24.9340746284525
-80.2893437964883 24.5846043766439
-80.1864753661709 24.9530195116735
-80.3053963103527 25.1178028391818
-80.6301888870421 24.7330692541608
-80.2040594566158 24.3589710933935
-80.4530475999696 24.5211019286087
-80.0510246990583 23.902721818873
-79.9825136164146 24.1761981223261
-80.0500637259489 24.0478009013697
-80.1829867557019 24.0805373680194
-79.8898924006995 24.0455021075256
-80.268532458731 24.1527178797244
-80.1350082527787 24.2241828106231
-80.2400222828282 24.2570093041407
-79.9693942669431 24.087328244672
-80.0996845121473 24.1325491679795
-80.1631902595508 23.7036153407197
-80.2547811137404 23.6116473928148
-80.2754670113813 23.4491880295693
-79.935227663637 23.7493356927073
-79.8315777551863 23.5338875037638
-79.6153412470303 23.8519225470527
-79.9183614111499 23.6247933262766
-79.786834926931 23.8366458102538
-79.959375 23.305
-79.8817423742832 23.8281914106847
-79.7700703133275 23.6794829789731
-79.9882193954233 23.4712259678591
-79.99299095751 23.5660694790606
-80.1328717136265 23.5372465508376
-80.2239007205558 23.5251687565237
-81.7365000225026 24.3362245514609
-81.6302281387671 24.3104726486432
-81.808486564835 24.1964070478087
-81.9509453407397 24.2106612702247
-82.0133442360059 24.4027606110136
-82.0897076109769 24.2038745178155
-81.9457400026011 24.3185361681562
-82.1326681128176 24.1246305151153
-82.0806201607435 24.3144884517956
-81.8360224975921 23.6282294998372
-81.8028013229931 23.4485310397025
-82.3264540503186 24.2509125931267
-82.3554286513195 24.5100568172562
-82.4111772009015 24.1913991464476
-82.3788383371506 24.376247489171
-82.2550742423948 24.4235476015909
-82.1332448478969 24.4243689242951
-82.0156935131726 24.7331824308254
-82.1953081948581 24.5943411078492
-82.1946604608745 24.498260677342
-82.0606123468095 24.5472067721603
-82.5958846289862 24.4831717263978
-82.0985620538129 24.6547852603058
-82.2683186962345 24.9172199983426
-82.2292745698695 24.7563546525231
-82.502997974178 24.3979689800215
-82.4780878604559 24.5183587196316
-82.4048056933286 24.69080486684
-82.4115027571046 24.5918568776719
-82.3038785973031 24.6342732196821
-82.5506133842331 24.6509728880406
-82.6753475155468 24.3033094369581
-82.5696404872239 24.3150762262806
-82.612479832667 24.2192304818799
-82.5959168200233 23.7659388977719
-82.7548228379213 23.5271998309791
-82.7892544640225 23.6723589846641
-82.6884864599486 23.6314911699737
-82.8548719119175 25.8519043969244
-82.5416931625031 26.0988775416644
-83.0534569077026 26.5254877745551
-83.0674423354208 26.654376040186
-83.1291485746026 26.3572170865702
-83.1177416803379 26.7361374425331
-83.1978659781528 26.6506635423547
-83.0611988066295 26.4278110526103
-83.013263386395 26.3136718330843
-83.5174902969709 26.6802835905781
-83.1885107476006 26.0232661183309
-83.3673524235348 26.5610801826053
-82.9843506008047 26.0981442295093
-83.2682349307027 26.5786765891839
-83.2903775856345 26.4154483186512
-82.9668089983578 26.2102005263666
-83.1295509405096 26.1782754459334
-82.8153797779191 26.1290942237351
-83.0966720016347 26.2676727874637
-83.4402819849618 27.696644028425
-83.2814669619706 27.5542518442788
-83.3595788605569 27.4574823407724
-83.2369865771251 27.4716950799771
-83.205219354859 27.6200887875267
-83.5963548337546 27.439170438582
-83.3697444708715 27.3430994745508
-83.4804508315605 27.4804447255401
-83.5889835953942 27.6018454770141
-83.5035271182309 27.3618716713683
-83.7567290817997 27.1521902192912
-83.6105330201993 27.2333688014608
-83.603443926977 27.3362696200214
-83.875177578494 27.4066846287666
-83.7327303532632 27.3968710852686
-83.4915471815741 27.6130325202949
-83.6978085512396 27.5252721005891
-83.8122640065079 27.2811545338065
-83.7457916759129 27.709081912523
-84.181881151548 27.1744392977059
-83.7138020369016 27.2471150160673
-83.6874359964584 27.6261476795501
-84.006976145016 27.2620987448104
-83.9132831639323 27.3090560908704
-83.9000522660305 27.1657062988082
-84.0426731679996 27.1150024263176
-83.8597506881453 26.8264097377032
-83.8433425069127 27.0004004854446
-83.8343393160862 27.0958694397267
-83.9428677011318 27.0579451992764
-84.1201800064521 26.863606834064
-84.0532812619336 26.9806272498077
-84.2291242461771 27.0035212465669
-83.9870880862709 26.8651529531122
-83.9360420878533 26.9549121262942
-84.1459063797684 26.9559468917086
-84.0494690198583 26.5058490446389
-83.9744983417566 26.677900050515
-83.9452855396427 26.7739138215423
-80.998223595275 30.2872602073231
-81.0450982511328 30.5731075458304
-80.9729129802852 30.4381778045945
-81.9361086477939 25.366542114669
-81.9397334995729 25.2255477932604
-81.8525891469905 25.2503067861894
-82.1546693375264 25.1253544398955
-81.9122396973142 25.1099315604753
-82.031869315182 25.142560526791
-82.1074437703266 25.2351206384003
-82.0663802034527 24.9420495316287
-82.4267512007712 25.3074565519716
-82.0812010157547 25.0478258242224
-81.961202742964 25.0001839769539
-82.2738105240946 25.241655692487
-82.1958572578527 25.012748951149
-81.9519512565876 24.859234772725
-82.38053374192 25.0775848260385
-82.2986264192825 25.0154557830839
-82.2780348725942 25.127657933105
-82.4361245629962 24.9192416649372
-81.7600241898468 24.6830381381718
-81.8807980198518 24.7441111523254
-81.938315942824 24.6160809026919
-81.7451566034855 24.862392817739
-81.9545810370468 24.5019471118546
-81.8302098729557 24.4392600625216
-81.8482933607838 24.8437512365915
-81.753535843476 24.5491775394455
-81.8589890149201 24.5465502435503
-81.5898497049169 24.5661193446173
-81.6679161476849 24.5211599212284
-81.7587623099091 25.0785687905718
-81.6643470084436 24.9759949657635
-81.7608411382623 24.9590923999042
-81.528857977312 24.7940738186634
-81.5483594637326 25.0423577211464
-81.6259762253731 24.8631577790767
-81.6849523762589 24.7671086317212
-81.5122060046957 24.9202895741226
-81.6502257826202 24.6605456685881
-81.4018877388615 25.0625729993561
-81.4273514556492 24.8448881462142
-81.4109546125284 24.6853421713984
-81.5303551106435 24.6706754740984
-81.3293180113922 25.1657196106773
-81.236957689168 25.1558355204787
-85.275 29.5673822088324
-85.066002929786 29.5048822088324
-85.1798466915893 29.5048822088324
-85.1247929153545 29.3173822088324
-85.1229248106876 29.6026941098191
-85.1229248106876 29.4197631707266
-84.9495163231624 29.3653915308383
-85.001625 29.724868
-84.930822348322 29.5847350348009
-80.5202586091294 28.8792655579989
-80.6478310810322 28.8687396387858
-80.7168912287438 28.9696695195167
-80.6940736126734 29.2649925247921
-80.7997952737163 29.1171730785803
-80.77383775 28.854509
-80.6197967459997 28.7801351822374
-83.4509100891196 28.4949926929174
-83.3465149078917 28.417585413846
-83.5187661768172 28.2943788860853
-83.4023708241648 28.3136629850403
-83.475040586612 28.3913718442885
-83.442830350454 28.1969566525087
-83.5936100484794 28.1577365467091
-83.5181021200048 28.0293614341471
-84.0676198975273 28.266696727022
-84.0093770946781 27.9645312503615
-83.9122418629079 28.1399501248938
-84.0724203936379 28.1090754972259
-83.9673077263684 28.2310570387172
-83.8121677881785 28.262630439685
-84.5418962913947 28.633426204504
-84.3085135035389 28.3304746523653
-84.2232458288066 28.4256925739384
-84.2011880782792 28.3201522785534
-83.6565961491568 28.7081715597428
-83.4923674662973 28.8249905688812
-83.5539845710621 28.7377652559554
-83.4630804541155 28.6682912419019
-83.3746948199279 28.5970479750932
-80.1468413172536 28.7449085823821
-80.0538119052195 28.8211258264385
-79.9180681008456 28.8948038301728
-79.9351326636934 29.0418448433962
-80.0330011592011 29.2695237220225
-80.0395341717664 29.0340227930529
-79.9957784301339 29.1506500488758
-80.1232311150267 29.1760055714643
-80.3300408359698 29.4658314130712
-80.3880084844787 29.1517131517617
-80.1997390725604 29.340111194202
-80.4462085543813 29.0116424453837
-80.2525588394942 29.1304961555108
-80.129939122883 29.2727654828247
-80.3025139953969 29.2545464906704
-80.3349402916528 29.047536494341
-80.3640526945467 28.94737454184
-80.2115232308424 29.2191048790653
-80.3047145583771 29.3616953959938
-80.5125459134897 29.3662977479574
-80.4099159273608 29.3059377807878
-80.4178860769794 29.4098169542529
-80.5248585028923 29.6744668648439
-80.5259189191416 29.5200939699195
-80.1184765769419 28.942339929282
-80.2408338001068 28.9658723468467
-79.7091576475353 26.9339408560158
-79.5782451668944 26.9069347690662
-79.4903251262609 27.0055441051516
-79.6696157828972 27.0501020771136
-79.5586508148689 27.1136082387631
-79.5862468303147 27.0025684514488
-79.5318674621719 27.3030124945404
-79.5788379596064 27.2130586940037
-79.4590255655824 27.1856049555166
-79.6822007664043 27.3242708865065
-79.3689421217101 27.1464592810759
-78.975 27.2096875
-79.1687035188632 27.1577150371481
-79.4498312484395 27.0912559383966
-79.8337251918115 27.2169156067334
-79.8975079315055 27.0998412153196
-80.0707748185908 27.2284554622083
-80.1109835830907 27.3747777129919
-80.13579725 27.1125285
-79.6811315917436 27.723602730736
-79.683652003069 27.5239421254842
-79.7125545920094 27.6241531874944
-79.8639384062979 27.5262179669901
-79.125412012601 28.1316000446741
-79.7418789513074 27.920461380793
-80.1029778851432 27.8230303849548
-79.8536129782355 27.8066802142555
-79.9731967811957 27.8926174544536
-79.9180175420864 27.9642986956488
-80.1039466047088 27.9806526151374
-80.0325490906469 28.0638221891853
-80.0618262351816 27.9020973879194
-79.4454702193653 27.6991636173194
-79.5651744632626 27.6123866120731
-79.3675242468483 27.6136049600681
-79.4093231418455 27.436946388719
-79.5501971187459 27.4687467228678
-79.459608228011 27.5421185302218
-79.6466924117397 27.4243698592474
-79.7829463305769 27.416356077478
-79.4936951818749 27.3911149360852
-79.9136819503695 27.4047608493698
-79.7866772690494 27.3111214469427
-80.0328014734061 27.5244619696296
-79.8855315521331 27.3099927197682
-79.9479996425055 27.4897308341028
-79.9596735978084 27.6760260659691
-79.8791666235897 27.7190485130361
-79.9976319635072 27.782373946409
-78.975 27.55421875
-79.0633910665361 27.611640625
-78.975 28.70265625
-79.0561735583519 28.645234375
-79.0713228203247 28.8648988743094
-78.975 28.93234375
-79.3504299709667 29.1602319019159
-79.0842202864536 29.2693687339525
-78.975 29.16203125
-79.0705918043743 29.104609375
-79.1434409405686 29.0465726324434
-78.975 29.39171875
-78.975 29.62140625
-79.5855900380407 29.5606743853077
-79.7238120232401 29.6263131874432
-79.6898996141787 29.755701853156
-79.5938831383518 29.748119517327
-79.9384090610976 30.0250569280525
-79.7891571970618 29.9134419803162
-79.7092060718707 29.8536521698685
-79.7777202794681 29.5119025993622
-79.9580169989837 29.4461723720718
-80.0795989605596 29.3947848295184
-79.8565308742266 29.447938219515
-80.1317813961583 29.6877715844196
-80.1907869471527 29.4797748010178
-80.2747482074281 29.6159612287032
-80.2658856593097 29.5274501512635
-79.7525142565695 29.1650007696472
-78.975 26.7503125
-79.3222843144068 26.7463199472155
-79.1479870995047 26.6913373241271
-79.2443058673394 26.6897588437025
-79.3513316345032 25.0358832773978
-79.3874862888937 25.143077587079
-78.975 25.3721875
-79.1934320203715 25.0198853981797
-79.1438449245714 24.84470412147
-78.975 25.02765625
-79.0823114184864 24.970234375
-79.2009780103661 24.9231406778714
-79.6617633281594 25.3362950946266
-79.739936371541 25.4087063431454
-79.5936948058723 25.0829509741468
-79.6874278479068 25.0307911481013
-79.5609668471288 24.8747372045813
-79.5955480533399 24.9759806252922
-79.5043892866411 25.1435309381042
-82.0998971332572 26.1141784761087
-82.1725320711483 25.9083223115939
-82.0853400655444 25.8653820118218
-82.28530456748 25.9501341835847
-82.3629572925286 26.1116242585067
-82.2731602316152 25.8113894556826
-82.3854529646789 26.0013924361748
-82.2953640574407 26.0447118113567
-82.2352532118116 26.1730309416871
-82.4960520815905 25.6039509205126
-82.2443799193144 25.6083736834351
-82.1450448045843 25.6557310750797
-82.2335232476396 25.7134606589142
-82.1548134849534 25.5483619692421
-82.3857048152256 25.7088506922538
-82.2962626782075 25.4340955468787
-82.1736738887675 25.3613491093563
-82.3751030557466 26.300376026418
-82.3651127600531 25.7992820185897
-82.5591095614881 25.7958967323896
-82.1989852199534 25.458359252058
-82.2693998096876 25.3396999800934
-82.1892804676488 25.2726713869908
-82.3309020327098 26.2084536049271
-82.4615400527194 26.2022244051572
-82.486604417408 26.3114333604238
-82.5928530283624 26.2213115422523
-82.6981154655713 26.1607222067704
-82.7103046408673 25.9727156283926
-82.7362184900114 26.0687941452165
-82.8561264651739 25.9934913368364
-82.7917412486492 25.9232628040926
-82.713352222213 25.7903071641405
-82.8934566312156 26.078631842276
-80.3565932303871 25.0246170445825
-80.1827020819243 24.6504597446763
-80.2394654437029 24.4745228504618
-80.3475478675119 24.491891096009
-80.2952543816634 24.3942284534399
-80.5411109127622 24.4967863763143
-80.4681075600955 24.4305399770174
-80.3931715032698 24.6095048720647
-80.5080867397653 24.6054350582082
-80.407317641826 23.4467731612123
-80.2546875 23.305
-79.7151271048061 24.001883465777
-79.8403742285732 23.9400818713754
-79.36875 23.305
-79.694208100488 23.7670507866788
-79.5229449677814 23.5420366075777
-79.6321240257493 23.6366211946557
-79.726777114862 23.5754037981577
-79.7332447779104 23.438696673635
-79.4547171261367 23.7310970817641
-79.8609375 23.305
-79.565625 23.305
-79.6340624712411 23.5025108791553
-79.6640625 23.305
-79.5433130646769 23.4233433032107
-79.4671875 23.305
-79.3920910656562 23.4584874558637
-79.5252310423183 23.6497028167979
-78.975 23.764375
-79.563301292625 23.7539251697486
-79.3887922668941 23.6027435746025
-79.8470278772995 23.4195425529717
-79.4570694991226 23.3951644431649
-78.975 23.5346875
-79.2165632988438 23.7723106233799
-79.1889203393622 23.5260071956028
-79.3291951291815 23.7144607233231
-79.3025889590834 23.5286065300734
-79.171875 23.305
-79.2433624682699 23.6319166812788
-79.2484313172788 23.4102564536612
-78.975 23.64953125
-79.0977983689953 23.706953125
-79.3653605346273 23.9234437270842
-79.2703125 23.305
-79.3799591501447 23.8132965828624
-79.489246254594 23.8838222142927
-79.5014734410039 24.1355425811506
-79.5813484508998 23.9827216096704
-79.6318915798951 24.1064236514162
-79.6451247974341 24.4723111758032
-79.7747822398247 24.1347876490086
-79.6045524821098 24.2905955048169
-79.7972231535374 24.0448744199876
-79.8795427931548 24.1510038873361
-79.7980318403216 24.3310864997469
-79.8137255695902 24.2297014726661
-79.6979615574154 24.2217535015794
-79.5828187350458 24.1932541921702
-80.0578125 23.305
-80.10703125 23.4173454888708
-80.1992766191537 23.390804188659
-81.8269529049494 23.7282750076601
-81.9299862857187 23.5876415656381
-81.7218004172253 23.3993106506257
-81.723869001318 23.5262932391238
-81.897231510007 23.4045039536842
-82.3501312387875 24.8121920893904
-82.8064928831787 24.1626543304648
-82.5159634334143 24.1838735961499
-82.8948251216505 23.858974445598
-82.7798377244824 23.861918674053
-82.8350064819269 23.7696455454719
-82.9918490023857 23.7293098289062
-83.1918966503411 26.4358007749965
-83.0917376275469 26.0751749349323
-83.0503321276466 25.8818220312676
-83.0173674335071 25.9899910819117
-82.9461260378017 25.9091726032811
-83.252493046121 26.2680231646909
-83.6073504385017 27.0554042960571
-84.087109760809 27.2036658027398
-84.2044530518775 27.4487509250091
-84.1728030579299 27.3132707791777
-84.0511818711375 27.4131201390861
-85.275 27.2971138805202
-84.553592446691 27.2957502353421
-84.3609593638791 27.2558616427846
-84.2560295683454 27.2490003567342
-84.3009934520423 27.3671441696921
-84.3172800358863 27.1180730917421
-84.4725603331588 27.6680137600994
-84.4379479883958 27.3691458133477
-84.2283678156033 27.0953003703746
-84.4852649790305 27.1406389347906
-84.3588550891987 27.5335010018099
-84.6030392355855 27.501464575756
-84.3959536308672 27.1689508637599
-84.2979455504571 27.4614453095927
-84.5431273887913 27.4070655226216
-84.4574939057884 27.4797605178975
-84.7110493042686 27.3667027579808
-84.5184864899976 27.5696086377952
-84.7076738160751 27.7178228410467
-84.6302672953762 27.6217772920195
-84.8258287732099 27.543382455499
-84.7110797208897 27.5402512129344
-84.7660445454854 27.6301239407987
-85.275 27.6963252685722
-85.0111733254749 27.7350992613725
-84.8991853342302 27.6579145607897
-84.852661573823 27.8452508652322
-85.275 27.4967195745462
-84.9111844105836 27.7603395436715
-84.8125116624902 27.7243262519805
-85.0465420239409 27.482776122156
-84.9456148169944 27.5474188945577
-85.0588771431632 27.6131455877631
-84.8996320174567 27.3645150733174
-84.8884459109776 27.4645593545498
-84.7833510832961 27.4453550389032
-85.1431926713514 27.7164335706226
-85.1578251169766 27.5380151776426
-85.1739624868745 27.3969167275332
-85.275 27.5965224215592
-85.275 27.8959309625983
-85.275 27.3969167275332
-85.275 26.8979024924682
-85.1850609063887 27.6300580530582
-85.275 27.7961281155853
-85.0998905955702 27.8863734979033
-84.9759756399518 27.8676184535772
-85.0603976447668 27.1809018187853
-85.0866188925522 27.792504935814
-84.8540634807509 28.1886253495409
-85.1500275031407 27.2716404927102
-84.8852289410083 28.0168080052729
-85.275 27.0975081864942
-85.0214620570845 27.3089982514946
-84.9019236310932 27.9247690207663
-85.0198461278915 27.9964970821084
-85.1748154855834 27.1575187832265
-85.0770265209925 26.9706440787573
-85.0990007648575 27.0781684217921
-84.9014107281714 27.0625414096163
-84.9979545970348 27.0988187514821
-84.8997652867696 27.2135237879051
-84.9903622903396 27.4021853620981
-84.9697717973198 28.1208781732573
-85.1598177878172 28.014084565487
-85.275 28.4947480446763
-85.275 27.9957338096113
-85.1856498783986 27.9240474414307
-85.275 28.2951423506503
-85.1284025386919 28.1806753832062
-85.1822230891082 28.1045672075745
-85.0720751252754 28.0897940550006
-83.6893241123382 26.2977408264567
-81.0964922181655 30.3644644563851
-80.8132996381043 30.3338275741736
-80.8917576399378 30.5449565659371
-80.860022652005 30.4366072072115
-80.9155365294499 30.3493611069854
-80.8926648495064 30.2328083929153
-80.5084061119502 30.655
-81.0603872892574 30.0372089249651
-80.6400003756299 30.4746182144936
-80.9454129518606 30.1083298134729
-80.7618574445298 30.5241814973035
-81.0635000473749 30.170735474229
-81.1516773209283 30.2553926126649
-81.3525905 30.150263
-81.2046112208889 30.112007204995
-81.274206689924 30.2450110901838
-80.8323920567915 29.7971252924392
-80.7353066071807 30.4148783075519
-80.6316368889427 30.2370689026695
-80.6320102408902 30.3559776420293
-80.716711352641 30.2962567400403
-80.311500203347 30.2975290298028
-80.4533650120006 30.42759827835
-80.5543185664233 30.420799318386
-80.5112334917674 30.5339536211868
-80.3550655007552 30.655
-80.3857415701397 30.5333134725981
-80.6617467231453 30.655
-80.8388435851396 29.9709075711443
-80.3280237638549 30.4219066602338
-80.7384170287428 30.655
-80.6755340313801 30.5618361052345
-80.8631402834627 30.0620985409532
-79.5883624447801 30.655
-80.2524437181789 30.5317179516391
-79.8950436671701 30.655
-80.0483842783651 30.655
-82.1586243208633 24.8586733266333
-82.1228507839137 24.758420916595
-82.0545610019647 24.837917424966
-82.3838647854522 25.1964971431785
-82.7025322632903 25.1280676234617
-82.5368480135276 25.1327088705742
-82.5109631266721 24.7926159171422
-82.628851316114 24.9477188754507
-82.5382924704748 24.8941966333017
-82.5133367883535 25.0133059914158
-82.7020447709804 24.7697343894213
-82.611167907576 24.8201234664264
-81.5575679568334 24.440890604171
-81.4170039250448 24.9603843223068
-81.325843530626 24.5942631291528
-81.2091261565792 24.7154662363805
-81.3197920472315 24.7775581872371
-81.1471483441115 24.6308583791364
-81.2267444036353 24.8137307581285
-81.2989041400628 24.6851211494623
-85.0238864236989 29.625667219382
-84.9581167689177 29.4765928875636
-84.7296277623038 29.4383312375209
-84.8486168689361 29.4291284778856
-84.7822777360525 29.2123761531691
-84.8450201817981 29.3117012514963
-84.988005069532 29.1619474354944
-84.8914488538041 29.212893463459
-84.8505364381538 29.0183807858683
-84.8372893300511 29.1227260408573
-84.752804640957 29.0589868045494
-84.7524903141419 28.9203153372233
-84.6589233013686 28.9327757506794
-85.0065432535204 28.7643585870595
-84.8981652472527 28.8727152365166
-80.90206325 29.050143
-81.0648785 29.351625
-83.5475605891178 28.5318736073515
-83.3365091745997 28.2094187708067
-83.5043095311832 28.1238677443035
-83.6162265925953 28.0580401450162
-83.9805024667326 28.0631453462789
-83.8489825580374 27.9711014009093
-83.8597997977804 28.3420407376831
-83.7972393176864 28.1482959359743
-83.6984991114544 28.2193301292977
-84.427159517725 28.592088355515
-84.4254853927584 28.7592853605848
-84.5272811808569 28.4940918654777
-84.4490600501023 28.4519754255378
-84.8207572924231 28.5337421338311
-84.6935363234983 28.3444224527123
-84.6691928469025 28.5496400893556
-84.5857340678998 28.3918481309012
-84.6739575292708 28.4461526258278
-84.5677176249955 28.2046610593853
-84.5458659546021 28.3012248081765
-84.4154972168542 28.2209690048996
-83.504787867541 28.9301529248579
-83.5814602423785 28.8650940352014
-83.3622674127805 28.8580232599281
-79.8957207476682 29.2480243409534
-79.9056507682315 29.3537691692375
-80.6673066243893 29.4303203981748
-78.975 27.32453125
-79.0942309332236 27.267109375
-79.0747576637987 27.3791716769799
-79.2355359694403 27.3575708123012
-79.1992950823634 27.2585875012285
-79.765699848913 27.1477693729643
-79.9319017771952 27.2090787576701
-80.21957375 27.3004115
-78.975 28.01359375
-79.0852057155703 27.9862884483695
-78.975 28.24328125
-79.0761066375632 28.300703125
-79.1461022291447 28.2293722126683
-79.2085422213937 28.0914831806184
-80.2276562741132 28.0373609121898
-80.457686 27.8774235
-80.494325 27.94553975
-80.3823909040781 27.9618359116788
-80.322935 27.567772
-80.1221463537955 27.6609935265253
-80.1703549839328 29.5863464453797
-80.0178794979303 29.586405244498
-80.0854111470938 29.5024067798408
-80.3362942683912 29.9167139825792
-80.4111994416739 29.5964960299621
-80.4322601166654 29.5037911079939
-80.3641037032665 29.7543492865394
-80.3512973054559 29.6645763121796
-78.975 25.25734375
-79.0858086021258 25.314765625
-79.1047954508757 25.48703125
-79.1607336677033 25.5828823263645
-79.068463463642 25.2126108544056
-79.062059445863 25.4045623829367
-79.190795269892 25.3903733210184
-79.2744636306804 25.4703580711552
-79.2906994813887 25.3696213128766
-82.3697846189461 25.5816150408251
-82.4569841155119 25.4567362631714
-82.2927695152863 25.5279174695217
-82.2125596583906 26.3384167096235
-82.4930399599688 25.7112710898419
-82.6352070523729 25.6615588943508
-82.6393908858656 25.8803011491772
-82.5152692892312 25.9179774696135
-79.7060296488272 23.8997571920772
-79.6406352694095 23.401870347513
-79.9361997306297 23.3946370921745
-79.3356440406696 23.3885529556792
-79.4564382925541 24.0147193982179
-79.2292312810156 24.1503557838776
-79.3257978112353 24.0539986390443
-78.975 23.9940625
-79.3680719884888 24.1929314363783
-79.4753322531742 24.2683500303673
-79.1944295715099 23.9429175454833
-79.4090959155949 24.1045508155279
-79.2079985598767 24.4672664910718
-79.5182908768996 24.4052426448257
-79.2841001628121 23.9700908838649
-79.0998002091517 23.8439015608234
-79.2558245798035 24.3113041498687
-79.6103039399383 24.3846985553297
-79.4720606517808 24.6461317188275
-78.975 23.87921875
-79.0817706960897 23.9558588582438
-78.975 24.10890625
-79.1504540662643 24.0569337163124
-79.0534152614607 24.051484375
-79.0999255152586 24.1794664855826
-79.2825288230066 24.2242206690274
-79.3818303189547 24.3728788984087
-79.5320122692285 24.5327566594301
-78.975 24.4534375
-79.2874439123782 24.4063143731269
-79.3398833307666 24.5569150535686
-79.6873880102513 24.6874562674712
-78.975 24.33859375
-79.0953177889206 24.396015625
-79.4372491435412 24.5551852924834
-79.6333566417686 24.5863465678746
-79.8256718161647 24.548568075786
-79.7237371815258 24.5380486867933
-79.7850317199851 24.4432358852112
-79.9751699103914 24.4303814060274
-79.7098215912508 24.3776895196379
-79.8774174139748 24.3971168740927
-79.964027904815 24.3028617713483
-79.1871250180723 24.3755514761282
-79.0733769803603 24.287225177866
-79.1705718745155 24.2540213766812
-79.4340468278534 24.4565822498452
-80.0779095086849 24.3571579690321
-80.0431720925005 24.2497315782574
-80.0716114027852 24.457009653429
-79.9823878871653 24.5921982913174
-80.0813611138792 24.6253993953287
-82.7246610711605 24.09500588139
-82.9011525426609 23.6631235330176
-83.1601151987235 23.9563502755887
-83.1086824672335 23.6981730384823
-83.0832358661802 23.8374540781918
-82.9865474332917 23.8264750744553
-82.9950199368776 23.9960695376475
-83.2285510465162 23.8277955244794
-83.0669938832709 23.9322598147579
-83.540641478446 24.0764294152476
-83.5416863850737 23.7549296800982
-83.3615221239227 23.9810756085846
-83.3766467413025 23.754954946226
-83.2655716041073 23.9299965538391
-83.3604459701733 23.8674374733347
-83.5074483847435 23.9228695228973
-83.2846925697623 23.7549690236063
-83.2539911520003 26.1368901661999
-83.4762066350242 26.2050038845743
-83.35508389708 26.2036201391562
-83.4141242335525 26.3374518354477
-83.417998038875 25.9983678531017
-83.3563620119373 26.0917435114886
-83.3221556319101 26.3287019020226
-83.3992710096251 26.4510506170315
-83.5053209825342 26.5414591891046
-83.5522780624997 26.3214348216397
-83.7455314729973 26.5903479742727
-83.8362168959027 26.6921330937799
-83.510817059749 26.4276092307116
-83.6406839548372 26.4909361614391
-83.6746765310977 26.7447667998095
-83.6232360916781 26.6143341772016
-83.7996778030967 26.4282448683475
-83.6341088865318 26.386560123839
-83.7439203876585 26.6830740057526
-83.734800964075 26.4966690863916
-83.5140635223249 27.1460832783652
-83.656289625992 27.14353981503
-83.7268987250475 27.0345622791552
-83.6418965136099 26.9002769313952
-84.0789919835412 27.3229993310174
-83.955500144105 27.619930665084
-83.8206757726458 27.5888770207555
-83.9084742949856 27.515893296758
-83.7983615598534 27.4829537055595
-84.3076627034606 27.920453671866
-84.1306303475294 27.0590611009697
-84.6997662236072 27.1358439958172
-84.8044511967457 27.2889353624288
-84.7970592737204 27.1816521617743
-84.6944628947027 27.2518083006821
-85.180217603263 27.8250884026948
-81.33078425 30.0598515
-81.1794408773141 29.9840965543673
-81.2814275 29.873146
-81.0389809878276 29.8292378395523
-81.1593354107574 29.8559893325187
-81.0797049489744 29.9301333636823
-80.9544500745197 29.9220230013368
-80.9347539591629 29.819181003627
-81.0038737236817 29.6479600585869
-80.9678107049161 30.0160436674198
-80.6162602434359 29.892159906721
-79.9717139727676 30.3438138208557
-82.6247251881692 25.3101305494233
-82.6176489375524 25.0575210144975
-82.709805382042 24.6039139895668
-81.4647515835013 24.4399570202784
-81.1301779892753 24.7756643024762
-84.758144570909 29.610589332032
-84.7954789418766 29.5159192562578
-85.0204218736818 28.9933094021343
-80.8575224743127 29.2701762541436
-83.7465370046335 27.9656646086351
-84.3239218524059 28.7385284957352
-84.2164941725641 28.698196809938
-84.5252692275531 28.8183623749839
-84.6011275164269 28.7319670389694
-84.7845442785449 28.7286919384742
-84.6933762715444 28.760592273112
-84.7066183010553 28.652211937127
-84.7039474036858 28.0726610412178
-84.3978456088265 28.3107366700887
-84.3032970984998 28.2183656284368
-84.3628640708797 28.0702505583837
-79.8166322434789 29.325793028885
-80.6152627805096 29.3370636149509
-80.5493611146358 29.1858731756778
-80.5002254155245 29.2698154670257
-80.573302101484 29.4384943506951
-80.6747742494233 29.5983065745475
-79.2282926113712 27.459178819727
-79.3435864282763 27.3509371344139
-79.4314058754194 27.3021412933218
-79.0513867101528 28.0738639789636
-80.24774486479 27.8822465132208
-80.1911212747941 27.9537713108741
-80.1710244131984 27.5013977642299
-80.1115115341295 27.570453870858
-80.2921985 27.4810625
-79.9264711234712 29.5425321153357
-79.9440447232191 29.7782668683354
-79.8156574053906 29.7817922685487
-79.7997844132189 29.6863016192315
-80.2443379428514 29.7336386794787
-80.1143489736983 29.8915890829302
-80.2901695602717 29.8252499388376
-80.1547719693937 29.7923922012313
-80.0510833245838 29.7603415530905
-82.383889064384 25.3938385382855
-82.1745119374558 26.2489461162731
-82.1099183994153 26.3374893668458
-82.3147203952538 26.4086527889891
-82.634668049126 25.7499757157221
-82.8798428754637 25.6011641745965
-82.4856968763999 26.0146769682043
-82.5991664291305 25.9999358189043
-79.176107315668 24.6560168484651
-79.9197485478545 24.5139229465791
-79.8616354464411 24.7226603276863
-79.8128097382011 24.8366758252956
-79.9645288070033 24.7517696904102
-79.7656318989853 24.7490102590994
-79.6587147449873 24.8044106288591
-79.5694125998786 24.7205247149591
-82.859688979613 23.9898142271125
-82.9222362964938 24.103671114028
-83.1218512383259 24.1602773792229
-83.2478581448015 24.0789304311258
-83.031372904279 24.099076207741
-82.9837747115413 24.2669253043374
-83.1266965308729 24.0556331378811
-82.9009353700336 24.2049259658155
-82.8399060492898 24.3728110792781
-83.4591293043936 23.5115659536522
-83.4591016648497 24.0136874311042
-83.3951338970408 24.1811760576526
-83.9070108412646 23.9168685870987
-83.4601144310169 23.825759537652
-83.8924404573383 26.5493244626733
-84.0325810600833 26.1193934763054
-83.7650315252166 26.9052463157512
-83.7597285464661 26.8025559549968
-83.5595012867834 26.8016989023876
-83.3830073363581 26.794791906576
-83.3374261937817 26.6804649321262
-83.4274888946438 26.7108076227343
-83.5092003643441 26.9274658368881
-83.4456251488667 26.6165830700507
-83.5215106843716 27.0196397183685
-83.4696706223408 26.8387132976231
-83.3760740628041 26.9159325855569
-83.2849263818075 26.8499471621097
-83.9223721073118 27.8016221214081
-83.8033613557574 27.8503149502623
-83.8666243152513 27.6975916878897
-84.1789366009999 27.6782619184891
-84.2410685007928 27.5712957872133
-84.0925320486757 27.5565454280695
-84.3264207990993 27.6924010697636
-84.3898760802311 27.6225931676573
-84.2416637650325 27.8002272772309
-84.4219943577389 27.8150600766525
-84.082036660807 27.8052109269883
-84.4074389026773 27.7278373591815
-84.3336652261321 27.7853204008283
-84.1644906835073 27.9828984709667
-84.2113898885164 27.8950747245579
-84.5935727666726 27.1855336801482
-80.7431485359321 29.8874492801705
-80.6913680929979 29.7470382581906
-80.6853367461637 30.0415211620971
-80.4720646277009 29.8564044887809
-80.3840914796932 29.8413366594438
-80.4815946041211 30.0608383233386
-80.5662732511636 29.7851129794105
-80.465014975289 29.7557302895471
-80.5237921423869 29.9564321805291
-80.4217114151636 29.9759050007876
-80.26999769415 30.1036122206389
-80.3739613989097 30.0731490011119
-80.5824897375753 30.0408863249676
-80.5521855875155 30.1527254395705
-80.3510703271561 30.1876605089038
-80.6526411736071 30.1376897453861
-80.4940939371896 30.2870407894174
-80.4495935911611 30.1584814737104
-80.4053953042203 30.3375185447356
-79.9717139727676 30.5088519567608
-82.6216728827063 25.2011686845627
-82.5179749317026 25.2428743609353
-82.5249754454849 25.365264979986
-82.6563010655642 25.4850592436399
-82.5580678599759 25.4608677229264
-82.6157528302953 24.5785394567084
-82.6469470234592 24.6840639396617
-84.8509903059622 29.6411206365732
-84.5609338084546 29.5547474965101
-84.708825 29.821987
-84.9292287090288 28.9634916322518
-85.275 29.0431708207803
-85.0126876292521 28.8788821822038
-85.1414738963639 28.9276523885702
-85.1383098580018 29.0662393281106
-85.275 28.6943537387023
-85.0449206959645 29.0854534514787
-85.115294058564 29.1909357710553
-85.275 29.1177765148064
-85.275 28.7941565857153
-85.1446568045488 28.7442551622088
-85.275 29.3173822088324
-85.1620669510656 28.5945508916893
-85.1028361839505 28.8352555873859
-85.1946317215867 29.2485558035557
-85.0616898497698 28.6587418518597
-85.0089520547441 28.4656977242039
-84.9139517316662 28.6488075035611
-85.0654193877653 28.5539971855538
-85.1463650447961 28.4400274907794
-84.9928016860833 28.2928971046386
-84.9297002767797 28.5407793603553
-84.8151678545229 28.633542151562
-84.8937203735371 28.7598914783557
-85.275 28.3949451976633
-84.9452666694693 28.2117100050102
-85.0628340165375 28.3735067479666
-85.1668172130371 28.328639504369
-80.8749070249918 29.176225510298
-80.7775302743554 29.2129651870839
-80.7727857010069 29.3625669622157
-80.920941089408 29.4133948843607
-81.01552725 29.2497925
-84.803721789183 28.8303924988525
-84.8090670338245 28.0917283924757
-84.7655999757554 27.9506478768627
-84.7330721088495 27.8351222671176
-84.5786902764808 27.8071504393896
-84.6162163300767 27.951748085835
-84.4809732579568 28.1135544216744
-84.5926393439661 28.0940838137015
-84.4682611116804 27.9655057125278
-84.5473373134472 28.0134592764401
-84.5363508777797 27.8953065946677
-84.377652053901 27.9797315476951
-80.6704179164771 29.136357564181
-80.7254864386141 29.061888396982
-80.5797471747467 29.0874227451561
-80.5801406354255 29.5976565185771
-80.2888321859611 27.9664256776649
-80.3519490313734 27.8464743059156
-80.2156254260151 27.7542040321594
-80.2350238966919 27.6412702097159
-79.9355916374273 29.6648759797407
-82.766981561973 25.6696665826328
-82.8102180426341 25.761127281581
-82.9723664464003 25.7377367248067
-82.767756342661 25.5437194009787
-82.9633872774269 25.300077623328
-82.6789316760554 25.5772742275079
-82.8906383988855 25.442025603056
-79.2352926659491 24.5689474505355
-79.3263681023195 24.7194590740402
-79.2608067983245 24.8195353554998
-79.1856779296833 24.7547550677014
-79.0816776210288 24.7150027862237
-78.975 24.79796875
-79.8884454053155 24.6263612063706
-79.6605559157885 24.9025014857864
-82.7350688978311 24.4659643242852
-82.9227583195057 24.5716251269324
-82.7439652330959 24.3704066092275
-82.7944243275467 24.2723077113572
-82.7144653408328 24.2080165202407
-82.847104236826 24.4864820004234
-82.8165868539 24.589781128381
-82.9983242172355 24.4282980577504
-82.9021597432835 24.7706793753066
-82.8846478161159 24.6682742847238
-82.77822834698 24.6917957797014
-83.0766407232438 24.6881421376528
-83.3549851727477 23.6119431822716
-83.4591534538602 23.669311509893
-83.626677090752 23.5904130835187
-83.5562910252029 23.6582627968732
-83.691538904514 23.7281330284675
-83.3105769015913 23.4616535684244
-83.3718710098017 23.5252478891919
-83.2449483861001 23.5627515738774
-83.1660813856967 23.4397038591569
-83.0569884210755 23.4558163327417
-83.1600567333301 23.6119112402147
-83.2078125 23.305
-83.247383287479 23.3910750457656
-83.3524453673208 24.0854734571928
-83.2541889579089 24.2270030961617
-83.1285286880476 24.3116300908493
-83.4416615677528 24.5639334198954
-83.3809177850705 24.3771107704001
-83.3481232060019 24.276248264311
-83.2496205513306 24.3640382490719
-83.1387747485358 24.4540547227793
-83.301772613774 24.5061306290747
-83.0491972960478 24.5467034420061
-83.2292011597616 24.4521496201384
-83.1867661726969 24.5849713566193
-83.7078311698476 23.9599227296602
-83.985566648375 26.5803634097907
-84.1388436445517 26.6471533729313
-83.9402357783754 26.416633153116
-84.1190209570754 26.3092128688779
-84.0489239055482 26.3950375804399
-84.2034212255788 26.4496846353951
-83.9727074260245 26.2612498967162
-83.8614179272164 26.3190774191344
-83.8265672305534 26.116004496058
-83.7714264420284 26.3402247666122
-83.779833674794 26.2234019805433
-83.6351476994119 26.0965758019113
-83.8836517353976 26.2047112696816
-83.6788257572312 26.1926904468722
-83.5764458142756 26.181233901536
-83.5140065200731 26.0752575461565
-83.616228470813 25.849232441553
-83.5361961057028 25.9491650269964
-83.6645344947369 25.969932770074
-83.3809651607773 25.7428324266893
-83.7362356891598 26.0533016597642
-83.9337276958486 25.8652074434686
-83.8017898401214 25.9244043278195
-83.4321790281613 25.8658615410458
-83.9179978790252 26.006778680445
-83.7826331156619 25.7050780619918
-83.5153074263224 25.7590832518265
-83.2593550744549 25.8656296565026
-83.8236925298208 26.0166618361247
-83.9297096360086 26.1094625982619
-83.8303416749562 25.8114107699062
-85.275 24.9018455522081
-83.7175980433292 25.7981266215538
-83.9593947860231 25.6896390784239
-83.6369326928456 25.6724946451599
-83.3456894026163 25.9236173039519
-83.3458154977275 25.8296383980544
-83.7146330316046 25.8913084577305
-83.9265685758924 27.904068880978
-84.1184079607771 27.4714119136307
-84.007772007654 27.5033087732164
-84.0617880765382 27.6698969094739
-83.974623037853 27.7172832338123
-84.0815636439065 28.0190672861414
-84.1879219003691 28.0966759902996
-84.2660022808615 28.0212947436979
-84.0948027010115 27.9072617111764
-80.8018954663239 29.659415309896
-80.795375071626 29.5102032520713
-80.7317764950193 30.1979420420737
-79.9717139727676 30.655
-80.111388314863 30.5287627170724
-80.1723381770729 30.3793030885949
-80.0547334974503 30.4263328888083
-80.1831597996476 30.4708736997911
-79.7207202618705 30.4263328888083
-84.6726836064553 29.5362476541061
-84.6068351198715 29.4324364894619
-84.674425469323 29.3063569590843
-84.758479063535 29.3487311292034
-84.6485702780626 29.1678095980892
-84.574128846784 29.2533877602076
-84.795301 29.7779345
-85.275 28.5945508916893
-84.8472167802838 28.342169741167
-84.8812220090893 28.4444799108666
-84.7774030518928 28.4221803113456
-84.9569958093337 28.3833986457447
-85.0881645310186 28.2700907363023
-81.11422975 29.4534575
-81.0517937733157 29.546590787121
-81.0134477856225 29.4533888864996
-80.921104778426 29.5458707810302
-80.9024265406707 29.6456112995972
-80.9439518834699 29.3175549712029
-84.5689082612228 27.7045669542538
-84.6476773170955 27.8664151014027
-80.4799247133799 29.1077782372257
-82.8838809985687 25.6980556416957
-82.5825073470633 25.5564415788779
-83.1207677234619 25.5375723991927
-82.7939901224366 25.3028769663413
-82.7209806850517 25.229745083757
-82.8746398975895 25.1493526837553
-82.7611043102307 25.4211448523533
-82.6714463722625 25.3920112250338
-79.3786688289925 24.6419738876271
-79.4475781805785 24.7911897304346
-79.3624040970722 24.8594694219762
-82.9359176895055 24.3525824090982
-84.4875 23.305
-83.503125 23.305
-83.0718937186175 24.2383050836815
-83.0394849155939 24.343244699269
-83.396368205095 24.475373683611
-83.6533494148696 24.384620976065
-83.5164366252914 24.4061485294073
-83.4783621277596 24.2814890907741
-83.5024527230137 24.1768183536372
-83.6107656851598 24.2568548944816
-83.9179435828262 24.2254536986576
-83.767863031822 24.2754747178472
-83.3374673291259 24.8561910240747
-83.5998999616055 23.9832528496139
-83.6285283078352 23.8543710387938
-84.0731330777336 26.7505188620126
-84.149658270295 26.5413963755044
-84.3873768367179 26.6191367316557
-84.2769715966027 26.5544153341516
-84.4809629215234 26.3329642593586
-84.3548850831805 26.4215063191186
-84.0679419533662 26.2178820267534
-84.3117796163718 26.1414588704657
-84.1726327158588 26.1247021341667
-84.2291884051319 26.2411791833559
-84.2821696918717 25.8012258593044
-84.1093857779285 25.9432088618197
-84.2175756990422 26.3455889656435
-84.3622695015729 26.2673383918872
-84.0036068190862 25.9446311116276
-84.1054766710202 26.0463379218248
-84.2590989975747 25.9928034760205
-84.5137500526878 26.133514584359
-84.4141794902653 26.1734520277918
-84.4103609500826 26.0198402336748
-83.1443161590584 25.7378299682325
-83.2625335904831 25.7453962819723
-83.3176666776409 25.5555232364511
-83.2106635480684 25.6285148062117
-83.3199092830697 25.6591153870068
-83.4713700727386 25.6040161519154
-83.4552259940232 25.6923487276845
-83.158027742678 25.9148290591723
-83.797558030516 25.2962899780372
-83.2912140064664 26.0114772394274
-84.2814470958544 28.1235428154258
-80.7047996486902 29.5128127608819
-80.8328155097271 29.4289282971277
-80.1754225993167 30.2252530284565
-79.8269790202192 30.5261078847439
-79.8884795525286 30.4263328888083
-79.8045999071995 30.2584885755288
-79.8741307723716 30.3286221991252
-79.9460261327507 30.1878112829373
-79.7417030559751 30.655
-79.7116505666526 30.5424613958925
-79.5325501961566 30.4700551388123
-79.633547573595 30.4779430851415
-79.5955221765846 30.3142909068204
-84.5715557527057 29.1004340941371
-84.7691814386492 28.2617652194985
-84.6656793984489 28.2429861863204
-82.9895635367435 25.5286718676808
-82.9797540535419 25.6331046878687
-83.0639002448241 25.4043637531898
-82.9708146479686 25.3935002070222
-83.23152494926 25.411546713743
-83.1459940364142 25.4480603148124
-82.8794354917168 25.346668042506
-82.8082577231006 24.9796483593546
-82.7100488687983 25.0114754406375
-84.09375 23.305
-83.4046875 23.305
-83.45390625 23.4024853005585
-83.9548290277974 24.5862805125249
-83.7950276425188 24.1068204706782
-83.6678051487536 24.0918711317437
-83.5984315503877 24.1602386981124
-83.7217588239192 24.1815340747484
-83.2281191115227 24.7394717214793
-83.3061410449661 24.6358043262536
-83.3410394414088 24.7432635308169
-83.6434641140052 24.8093500437836
-83.4861187064981 24.8043729080427
-83.1576388388392 25.0842117578945
-83.1221662446611 25.2476246421315
-83.0553781092404 25.3119963249905
-84.5031660140522 26.4986140848109
-84.3091708932373 26.3420558611933
-84.2101713381562 25.8897334227827
-84.1213090997906 25.7439084759886
-84.0475419519184 25.8355231564469
-84.3264591352322 26.0525945333606
-85.275 25.7002683283121
-84.35250541702 25.9068739743659
-84.6857483425593 25.8075024634297
-84.5283489211011 25.8881143867414
-84.4440333185369 25.9312965206077
-84.5385058441901 26.0118529650038
-84.8538671801863 26.139372383063
-84.6542963431448 25.9400623016911
-84.8719515028629 25.9216933932085
-84.7601092772521 25.8951569877589
-84.7575496984426 26.036244868528
-84.8564534482961 25.7380552883509
-84.6400310621738 26.095860860027
-84.7824983408185 25.8007944448225
-84.7239049785674 25.656768628262
-84.866696891905 26.0308475500297
-85.275 26.0994797163642
-85.0840530619588 25.9866073811573
-84.9697527724597 25.9811050386796
-85.0356351661695 25.8024609972096
-84.9654182829089 25.8780360637927
-84.6181609838916 26.2530982302593
-83.0583160426639 25.7843653008535
-83.7521585369872 25.499298933081
-80.616029847588 29.5163865133785
-80.2212410818239 30.303226324153
-80.1026109947587 30.0710561591066
-80.0828349021378 30.3004551269271
-79.8198467598254 30.1121611868691
-79.8347013612355 30.0081376868829
-79.6580866539084 30.0347808732665
-79.691478210855 30.1727436200467
-79.6985851045143 30.2808597636571
-78.975 30.195625
-83.0891886155496 25.6427991333346
-82.7955430509828 25.0824571890635
-83.9156606927735 23.5384447101894
-83.8960717893448 24.4099882484861
-83.8254982885412 24.1982430649912
-83.9494154164244 24.069852473642
-83.8192489588233 23.9931148492663
-83.1661113824232 24.6732840957945
-83.5162225607624 25.129860503193
-83.56928935947 24.6646649015063
-83.6049147168033 24.5227204655702
-83.5125862203651 24.5009343872416
-83.7646581544102 24.6382558962295
-83.746688309752 24.494900425578
-83.6616956912836 24.6124142736494
-83.6908177796034 24.7144220783982
-83.9228634878293 24.8894501529205
-83.8281500471101 24.7736848883272
-83.8442224273681 24.5554783732452
-83.7637576996625 24.3858130916724
-83.1667906512571 24.9065081201772
-83.0215351673595 25.1402237888575
-83.1089189507301 25.1591924858469
-83.0388814105749 24.9890082202052
-82.9518529940072 25.2053791943403
-82.9424797777349 25.054552489866
-84.4490487750211 26.4215548371199
-84.4001717725356 26.5155470227538
-84.6867869964478 26.7909055703554
-84.1532599255097 25.3799095527564
-84.5244178178941 25.6864670034465
-84.4223732381787 25.7841219206991
-84.5232141594143 25.7873524786476
-84.326552366733 25.5818505894973
-84.3408337421446 25.6989171625866
-84.4282957105493 25.6288429552548
-84.2173729237307 25.6545741902429
-84.5930930417471 25.4629283443528
-84.4381623412021 25.4738420502649
-84.5311693127682 25.5662227068783
-84.6181769616601 25.6314197157124
-84.6151273202807 25.7335965700189
-84.2020977644775 25.5133247235833
-84.3140561099003 25.4572676400773
-84.0122382540684 25.507178173982
-84.4207583473559 25.1312301738615
-84.0905979425076 25.6145665604001
-84.1084071896948 25.4719746587992
-84.3976647033732 25.3041512666354
-84.3852939177008 25.3967815063036
-84.5094493986503 25.3662213135972
-84.2731800277448 25.3346674953314
-84.8117863122414 25.1892506595748
-84.5112326967196 25.2313156665878
-84.3071455144891 25.2040597855829
-84.6770413823395 25.3057939629704
-84.6359472706978 25.0276415250603
-84.2111645920512 24.9292995871674
-84.6048613206092 25.3682237912352
-84.5436037861981 25.1111173261031
-84.6259412443981 25.1977501151207
-84.4480281285843 24.9125741160349
-84.7200459241611 25.2193486282015
-84.7316797555176 25.0999451860171
-84.4665851681175 25.0259169749107
-84.9857427195958 24.9526323204056
-84.3344281427245 24.9893638070846
-84.7950555838583 24.916505103346
-84.8740795200489 25.0527936439182
-84.7335601754238 24.9979270974268
-84.6390368891222 24.8626029579067
-84.2125552851227 25.0829582039988
-84.3189092363878 25.0973792182402
-84.5165970094083 26.2364023326452
-84.6116883457742 26.3997552280445
-84.6844080121422 26.5885778928885
-84.8028314972121 26.3347199094579
-84.6112969771224 26.5083202381424
-84.7433007531753 26.4615000885613
-84.6945702757081 26.3299418509982
-84.7537662073898 26.2175608673067
-84.9968335493451 26.6561824179321
-84.7293808016643 26.1263545469345
-84.9350747258867 26.4741825571004
-84.8416689127928 26.4303230390735
-84.831790579518 26.5796951593363
-84.7644082618026 26.6888150687077
-84.9336870147924 26.5761318340315
-85.0781398468901 26.5271140110792
-84.8810296504381 26.8580381125313
-84.8825754071204 26.6864196346101
-84.8251967078758 26.771719028553
-83.7278389707681 25.6080466159625
-83.8671333094445 25.5821042515051
-83.6009161461008 25.5225693192561
-83.8689632784172 25.6738803223254
-83.9642192397993 25.5921537235866
-83.8841995422155 25.4371842634125
-84.0087174774187 25.3615121605392
-83.7862363100936 25.4003389572692
-83.6055819905412 25.3280412425693
-83.6746678839188 25.4172668333071
-84.1008026310915 25.2150391255232
-83.9033091369895 25.3283462098404
-83.9109070111639 25.1128207886962
-83.878546219906 25.2195766139876
-83.989215753949 25.1948411035342
-83.7131248218213 25.1111499232317
-84.0571476425877 25.0515905388554
-83.7772404361483 25.1937328968779
-83.6589460525026 25.2193936017052
-83.6155764246471 25.1300051987365
-83.6352797698346 24.9701785305969
-83.550588695017 25.2336012525669
-83.3469543945604 25.2434964632956
-83.4473951304874 25.2102235224664
-83.3439414651581 25.0519645985901
-83.4466766934337 25.3762910394454
-84.0887604005408 25.3096510935522
-84.2059920301552 25.2474744258626
-80.1780608523917 30.1297180306349
-80.2056866214711 29.9876803858244
-80.301258221642 30.0079024604019
-80.2136630583658 29.888643314901
-80.0404511939754 29.9768732226982
-80.0049132689785 29.8714221159664
-79.9019191222389 29.9175089675892
-80.0049790945754 30.1034968026805
-80.0709874088645 30.1912713284942
-79.2809098215508 30.2777113927228
-83.7781431719492 23.6032111884801
-83.8636050633883 24.3125767162983
-84.3403301277072 23.8791285896885
-83.4489499640009 24.685917532392
-83.5663519633441 24.757526702851
-83.9841921359732 24.7426465023636
-83.8752504278333 24.6690056149381
-83.2394719938574 24.838416766908
-83.1244635610468 24.7961907002733
-83.0136327058998 24.7806373990546
-82.9472896469736 24.8943914470953
-83.056024925849 24.8812157782136
-82.8339976043746 24.8656324631589
-82.7295390057246 24.9019636349302
-83.1325533979799 24.9938323671306
-83.2476805625031 24.9885964912536
-85.275 25.3010569402601
-84.8866302122313 24.9544619761706
-85.275 24.103422776104
-84.9318019188121 24.7160361010185
-84.8843425000828 24.830536540847
-84.7431755694195 24.7049381233376
-84.777301125688 24.808714370043
-84.5581959470934 24.9436377715371
-84.5406964883136 26.6505526972976
-85.275 26.6982967984422
-85.275 26.2990854103902
-83.5657072844202 25.6103163294869
-84.1239461260232 25.1213036667468
-84.1470747924586 25.0067152359765
-84.0712528496813 24.8787080976791
-83.9508447164827 25.0029532369314
-83.7972016856836 24.9806293603182
-83.5622931101906 24.885841849694
-83.5123908145 25.0027787018596
-83.4401911582873 25.0685543198467
-83.2334707169908 25.1862293641161
-83.2229826654275 25.2988058690199
-83.3239185666238 25.1480692027957
-83.2531430410415 25.0839447228795
-83.3331646168722 25.3576925166691
-83.3746060092208 25.4604614198386
-83.4893400667973 25.4857618140259
-83.5713951385295 25.4245412499114
-79.4331848710732 30.3392727750476
-83.6987083803327 23.6406225065137
-83.8603992323009 23.7527175395926
-83.896875 23.305
-83.7139110199923 23.4606986615354
-83.5888647097078 23.4094561166362
-83.6264058024878 23.4960406907296
-83.6015625 23.305
-84.1271728949045 23.9382122102152
-83.914436157514 24.7997174100648
-84.287886651303 24.6046774185605
-82.8999117602071 24.9731213652667
-85.0792931376553 25.1692490609699
-84.9387569894929 25.4551365735008
-84.4739563188831 26.5864337162112
-84.4185677675912 26.8567470175211
-84.3683490665523 26.9875748448451
-84.5393330702483 26.9781554068758
-84.5739020590815 27.0798962240495
-84.4517291103299 26.9445283325526
-84.6430312890931 26.6902422284358
-84.5446415000259 26.7921548532681
-84.4457572900923 26.7240537186913
-84.2762465133904 26.7496757873311
-84.1746582206232 26.7424902947984
-84.6165557993673 26.8872833050356
-84.7532675883008 26.9131283636206
-84.2938745436091 26.652109674676
-84.2858169686856 26.8827488557816
-84.3670781790488 26.7770642583796
-84.6661779219195 26.9993012750863
-84.7837619675533 27.031041701736
-84.8650482905448 26.9628980882287
-84.9705224193899 26.9808642973772
-84.2079562378365 26.8302781603464
-85.1391767231405 26.6557075736739
-85.0685035764012 26.805361468391
-85.275 26.5984939514292
-85.06819781065 26.7137026419318
-85.1791507023426 26.7660994740394
-85.1781586172267 26.5584224911665
-85.0723026543595 26.3230843771559
-84.9378545073308 26.3355588659234
-84.992709073625 26.1960049496976
-85.0220728103977 26.0841921321387
-85.1434594501605 26.1758321888449
-84.8708834526361 26.248158432116
-83.8122635585103 25.0826716969735
-83.8186855256851 24.8780558635155
-83.7134266524027 25.0190043566411
-83.4400740861651 24.9114122750351
-79.5217880717914 30.3750930590122
-79.4860771284638 30.1430360221109
-79.593770366723 30.1233698513683
-79.5275609249079 30.0076597301657
-79.5556258019545 30.2191884142176
-79.6062559334968 29.9565755191311
-79.5112955603646 29.9057592343628
-79.28168122239 30.655
-83.7820840463818 23.698424156576
-83.7615182490926 23.8396816846915
-83.8526552234498 23.8436098316786
-83.8812896494951 23.6438427824992
-84.0696090210095 23.7364182484486
-83.9719435589055 23.8118961895124
-84.0067521123462 23.6264536087629
-84.0184773059169 23.9132494398689
-84.0927616253449 23.8389210563337
-84.2178185414106 23.8511886860194
-83.9547673858693 23.7126839657798
-84.2936991527188 23.5353789009063
-84.0690605667359 23.47081739177
-84.160024330143 23.6117887917333
-84.3150244389259 23.7075237238005
-84.2943350753698 23.7982429610158
-83.7063803709444 23.5498241925107
-83.814136302854 23.5012572662125
-83.9006773209686 23.4221722341811
-83.9953125 23.305
-83.7984375 23.305
-84.181822285337 24.1978423340799
-84.1190989932529 24.6363731234077
-84.9962073007724 25.0766221860644
-84.9473894631991 25.2039887632513
-85.275 25.1014512462341
-85.1433760183046 25.0017648090957
-84.8654289681672 25.3268938733883
-85.0519744919712 25.3333058318587
-84.7661440540686 25.4687495946436
-84.6933261039911 25.5511448982557
-85.0287530708846 25.2451360846742
-84.9577008391397 25.3592191495699
-84.8492401790158 25.4212359785324
-84.9582498766513 26.7729174299561
-84.9879638437084 26.8754993626472
-85.1574083138236 26.8836380684361
-85.275 26.9977053394812
-85.1728848308852 27.007061525083
-85.0341240412179 26.4262749660834
-85.1648067805853 26.4284061507513
-85.275 26.3988882574032
-85.1753961080724 26.3258214638559
-85.275 25.8998740223381
-85.074423367805 26.2332904986839
-85.275 26.1992825633772
-83.7115730829619 24.8934385056046
-79.3916753242795 30.2228381095798
-79.3490167670866 30.0766379031467
-79.4436346960407 30.0559860966621
-79.2932365037102 30.4663312819392
-84.290625 23.305
-84.1831168049591 23.4970545310942
-84.2715928903669 23.4204639235876
-84.4263629032745 23.4502745104585
-84.1921875 23.305
-84.1456174323306 23.3990419745705
-84.0781872107115 23.5647618163167
-84.2575388532562 23.6272517345473
-83.9973134480386 23.4034186649944
-84.0455544159863 24.1702808562794
-84.0404037994429 24.3335316293287
-84.136386341402 24.071839498124
-84.0996047742654 24.2536928015411
-84.2280334724756 24.4107918146154
-84.1954669690303 24.3063701428768
-84.493047466793 24.2708514147602
-84.3376638585507 24.2333707613802
-84.0045892011599 24.2506950283999
-84.2580464870549 23.9963199000248
-84.4668403107474 24.055437897516
-84.3727744946402 23.9893913810293
-84.3222820918629 24.1066411542731
-84.5142924867208 23.8878455959417
-84.2252635212054 24.110984262121
-84.0238734565633 24.6542550025669
-84.1070901252354 24.7598929276439
-84.2200184456048 24.7085284017747
-84.2018298773215 24.8183620947368
-84.3914051197775 24.7464302675561
-84.3128708812608 24.6951069416806
-84.3298286207858 24.8601366646
-84.2847138338181 24.7813863513092
-85.1672974604895 25.1069194719162
-85.275 25.2012540932471
-85.275 25.0016483992211
-85.275 24.5026341641561
-85.275 25.5006626342861
-85.1561368695806 25.2663479666563
-85.1720401608203 25.4055863206573
-85.0605983294868 25.4548419514289
-85.0000892487411 25.6252025312364
-84.9998570922253 25.5291939029589
-84.8658483943589 25.5775225414971
-85.1340979466076 25.5768738926981
-85.275 25.4008597872731
-84.9118728318459 25.6607573411352
-85.1823439530946 25.4977148416186
-85.1017076051094 25.6970181154903
-85.1706017578558 25.813610992568
-85.189150713465 25.6561541272689
-85.0967747783252 25.8848239520596
-85.275 25.8000711753251
-85.1668045024565 26.0645654955483
-85.275 25.9996768693511
-79.2454480217574 29.9441893411862
-79.3325658275158 30.3690483018629
-79.4130492017282 30.4581773935121
-79.4350218335851 30.655
-79.464052476456 30.5521213343965
-84.3890625 23.305
-84.4323714255533 23.6055934901698
-84.1920204846856 23.7308056393509
-84.0187153804503 24.4670496802105
-84.1168006965702 24.4144619346927
-84.1131753308179 24.5254669778858
-84.0434646385234 24.0177984986726
-84.3834790762883 24.3842619062672
-84.4355116762811 24.1685502682884
-84.4326044771725 23.7778530820233
-84.6638955888214 23.691410212531
-84.4042759178087 23.6917614544216
-84.5340927421988 23.6967516515543
-84.6033734749931 23.8005029719944
-84.7580783901942 24.0473852383721
-84.6536696693864 23.940898489824
-84.5194443100148 24.795514285021
-84.6280210531788 24.7421023588586
-84.6108958964336 24.492052532285
-84.6505582413382 24.6149475165737
-84.8497181789342 24.502629995211
-84.4809726098511 24.6018308252315
-84.5357573691255 24.6916114102196
-84.7292277194773 24.5217105514928
-84.804666128341 24.6081126089723
-84.753522321534 24.285148189616
-84.7727634951462 24.4066529201271
-84.9920760307528 24.3096473000773
-84.6469565383084 24.3642995267284
-84.8695484912021 24.3290504430731
-84.9476853541936 24.4258995781712
-84.9043713750976 24.1523791857305
-84.9841796514478 24.5734004756693
-85.275 24.30302847013
-84.8401456011573 24.2314874501313
-84.7396187494072 24.1659566383087
-85.1204825342688 24.4252804209915
-84.6134042221077 24.0855844536875
-85.0339644595825 24.3922436845688
-84.5461784030436 24.1736396371757
-84.6455808934101 24.2373327520571
-84.568456456611 24.5735968454328
-84.5212954077805 24.3977952485425
-84.4428361454315 24.4882918453227
-84.3217548247106 24.4884291845111
-84.3839576989671 24.5712427466327
-84.220115679688 24.5218750289831
-85.11226829933 24.8241325126503
-84.9978321479422 24.8104910208668
-84.8160954829223 25.6551521107707
-79.3308735311965 29.9841077848239
-79.3088438936155 29.8629205879853
-78.975 29.9659375
-79.1569186214232 30.1201326044399
-84.3576204775292 23.3904988381335
-84.3836861634111 23.5297011720581
-84.4049261124838 24.2953488919615
-84.2965398873271 24.328258301649
-84.88125 23.305
-84.5952010660258 23.5215187077706
-84.531319417021 23.5975130107395
-84.5552143345357 23.9899461986468
-84.878230347484 23.8251489809561
-84.7414353314191 23.8057619568986
-84.7945218173283 23.9234901786953
-84.8894701224006 24.0187263912205
-85.0813754355453 24.0649875177742
-84.977042768483 24.0766198030709
-85.0424316817126 24.1894000471334
-85.275 23.704211388052
-85.0131553445975 23.9268137835468
-85.1227162799752 24.293687917439
-85.1633507790761 24.1589489087297
-85.275 24.203225623117
-85.275 24.4028313171431
-85.1899814478971 24.3606449351089
-84.9007961161594 24.623715631594
-85.275 24.7022398581821
-85.0820890186767 24.9209576417835
-85.0720413281654 24.6865991917679
-85.170591923782 24.7324238673625
-85.275 24.8020427051951
-85.275 24.6024370111691
-85.1182710983054 24.5600196916322
-85.0438068667312 24.492367766491
-85.1828556720433 24.4936919160746
-79.1020574824591 29.8535090097298
-79.2427035367954 30.0530527062382
-79.2614660903982 30.1654399712636
-84.684375 23.305
-84.9123103111264 23.9202851954905
-85.275 23.903817082078
-85.0630617978005 23.7202145379371
-85.18214302372 24.6347771757641
-79.1102518882751 29.9907788883236
-78.975 30.08078125
-79.0577943191567 30.138203125
-78.975 30.4253125
-79.1324723630153 30.2669389562567
-79.1996178607361 29.8579493263331
-79.1340312332947 29.7297676721505
-78.975 29.85109375
-84.5414543218027 23.4132077271071
-84.6603185854817 23.4217149286906
-84.5859375 23.305
-84.7828125 23.305
-84.83203125 23.4792927354713
-84.7191100092304 23.5312187431745
-84.6515828249102 23.5975549546872
-84.8438447167609 23.6537284406514
-84.804771118214 23.5687567776176
-84.7614424002989 23.7087305596649
-84.7358787067441 23.6241242811027
-85.1468374902247 23.9467392252542
-85.275 24.003619929091
-85.1718838173022 23.8087225963979
-85.0643029548131 23.829841719084
-84.9725638536929 23.7760597375708
-85.275 23.804014235065
-85.168261478111 23.7020231153722
-85.275 23.504605694026
-85.0841677024348 23.5289916765264
-85.275 23.604408541039
-85.168397155091 23.5950065484332
-78.975 30.31046875
-79.1990383941868 30.3777745832591
-79.0810156930808 30.3732500132065
-79.128340611195 30.655
-79.1349077832779 30.509047402751
-78.975 30.54015625
-79.0375 30.655
-79.2050109167925 30.655
-79.0631289121209 30.5666236150022
-84.7613836865509 23.4051471510535
-84.947265391567 23.5591065092844
-84.9675541837786 23.6666922901826
-85.078125 23.305
-84.9578522397488 23.420727645951
-84.9796875 23.305
-79.2315426502293 30.5524443557718
-85.0703551012323 23.4172869576189
-85.1724998401912 23.4613628175563
-85.275 23.404802847013
-82.662507 28.5539535
-79.0746409761096 28.532559503032
-82.0265625 23.305
-82.0283335981918 23.4105321796427
-79.1286731878001 26.3680071643635
-79.2218603034939 26.3146309815243
-79.0767299387643 26.2798362050247
-78.975 26.40578125
-79.1082251710936 26.5010945863239
-78.975 26.63546875
-79.1784268134821 26.5856986170783
-79.0742904006994 26.6006800652613
-79.0522950384706 26.6938436650755
-79.1041583467216 26.8459701001774
-78.975 26.86515625
-79.2062999327378 26.9939014179677
-79.2613024300851 27.0927460245274
-79.2044420361383 26.8859559137855
-79.0866999444049 27.0526734875307
-79.1107903837005 26.9506192214333
-78.975 27.09484375
-79.0641081111373 27.1548403710694
-79.2684621365652 27.1899358711982
-79.7912432877781 25.2746063856907
-79.8075458948542 25.1817555601196
-79.6995811052046 25.2351476108973
-78.975 23.43
-79.0800123145014 23.48234375
-79.0984984292432 23.5938887934426
-79.1461830245032 23.4041557100864
-79.0734375 23.305
-85.01844178772 29.2730684432196
-83.6435284860922 28.3404259397834
-83.6049941710811 28.2527905313531
-83.5699208329948 28.4010751696384
-83.7180852768199 28.4132951229559
-82.1965744569856 26.4505576085246
-81.208729 29.666071
-81.1075661977663 29.6427088012723
-81.1363823758839 29.7486374916063
-81.0426283660906 29.7344930433924
-80.9493105270064 29.726674489187
-78.975 24.56828125
-79.0786433757108 24.6050668057731
-79.1070772917619 24.5021441761363
-84.4794831310175 29.4656481026608
-84.4411457518891 29.5997380882773
-84.6052098181517 29.7047864915932
-84.5396111415095 29.796993318874
-84.7129285941082 29.7084264382186
-79.4569137658972 24.9291609892816
-79.3508595512156 30.5645487053969
-85.1765625 23.305
