-1.4674 50.9102
-1.4587 50.9058
-1.4469 50.9035
-1.4394 50.9077
-1.4133 50.8991
-1.4082 50.8938
-1.4022 50.8927
-1.397 50.8827
-1.3917 50.8825
-1.3923 50.8882
-1.3855 50.8911
-1.3826 50.8885
-1.3699 50.8844
-1.3515 50.8688
-1.3427 50.8649
-1.3315 50.8561
-1.3108 50.848
-1.3083 50.842
-1.3043 50.838
-1.2616 50.8255
-1.2481 50.8171
-1.2383 50.8177
-1.2244 50.8132
-1.2105 50.8066
-1.1971 50.7933
-1.183 50.7872
-1.1614 50.7842
-1.1419 50.7733
-1.1349 50.775
-1.1119 50.7896
-1.1162 50.794
-1.1162 50.7989
-1.1198 50.8009
-1.122 50.8069
-1.1251 50.8076
-1.1367 50.8148
-1.1446 50.8259
-1.1485 50.8362
-1.1624 50.8411
-1.1606 50.8441
-1.1544 50.8441
-1.1498 50.8391
-1.1344 50.8385
-1.1236 50.8352
-1.113 50.8355
-1.1106 50.8383
-1.1162 50.843
-1.1139 50.8463
-1.1038 50.8466
-1.1071 50.8378
-1.0977 50.8332
-1.0942 50.8295
-1.1005 50.8272
-1.0987 50.8209
-1.1021 50.8125
-1.1072 50.8076
-1.1132 50.8072
-1.1121 50.7978
-1.1083 50.7944
-1.1099 50.7902
-1.0915 50.7783
-1.0822 50.7779
-1.0359 50.7855
-1.0274 50.7883
-1.0305 50.794
-1.0378 50.7946
-1.0417 50.8054
-1.0389 50.8109
-1.0423 50.817
-1.0401 50.8243
-1.044 50.8314
-1.036 50.8303
-1.0247 50.8263
-1.0234 50.8335
-1.0161 50.8363
-1.0013 50.8291
-1.0052 50.8351
-1.0184 50.8387
-1.0195 50.8427
-1.0088 50.8438
-1.0024 50.8427
-0.9903 50.8371
-0.9789 50.8385
-0.9734 50.8419
-0.9551 50.8391
-0.9517 50.843
-0.9392 50.8416
-0.9321 50.8433
-0.9344 50.8497
-0.9335 50.8547
-0.9265 50.8641
-0.9369 50.8701
-0.9396 50.8756
-0.9471 50.8841
-0.9556 50.8911
-0.9502 50.8985
-0.9496 50.905
-0.9402 50.9181
-0.924 50.9242
-0.9352 50.941
-0.9289 50.9523
-0.9292 50.9584
-0.9207 50.9646
-0.9155 50.9706
-0.9178 50.9785
-0.9105 50.9887
-0.9079 50.9942
-0.9003 51.0012
-0.8933 51.0027
-0.8978 51.0103
-0.8971 51.0219
-0.8906 51.0253
-0.8827 51.0269
-0.867 51.0385
-0.8528 51.0448
-0.8502 51.0518
-0.8501 51.0593
-0.8428 51.0669
-0.8373 51.0692
-0.83 51.0682
-0.8297 51.0635
-0.8195 51.0606
-0.8115 51.063
-0.7978 51.0636
-0.7856 51.0732
-0.7808 51.0794
-0.7666 51.0846
-0.7558 51.0851
-0.7589 51.0908
-0.7543 51.0959
-0.7599 51.1049
-0.7493 51.1032
-0.7455 51.1122
-0.7693 51.1171
-0.7707 51.121
-0.7778 51.1269
-0.7829 51.1289
-0.7806 51.1348
-0.7913 51.1394
-0.7945 51.1495
-0.8034 51.153
-0.8053 51.1554
-0.8233 51.1464
-0.8284 51.1453
-0.8342 51.1476
-0.8309 51.1557
-0.8312 51.1612
-0.8254 51.1814
-0.8301 51.1883
-0.8426 51.1993
-0.8489 51.2107
-0.8401 51.2152
-0.8346 51.222
-0.829 51.2255
-0.8285 51.2289
-0.8195 51.2267
-0.8058 51.2273
-0.803 51.224
-0.7905 51.2257
-0.7839 51.2247
-0.7846 51.2294
-0.7812 51.2333
-0.7835 51.2378
-0.7759 51.2419
-0.7697 51.2364
-0.7476 51.2306
-0.742 51.2311
-0.7358 51.2377
-0.7385 51.2411
-0.7307 51.252
-0.7293 51.2562
-0.7337 51.2601
-0.7301 51.27
-0.7335 51.2776
-0.7312 51.2814
-0.7357 51.2854
-0.7367 51.2924
-0.7393 51.294
-0.739 51.3005
-0.7447 51.3069
-0.7442 51.3093
-0.7623 51.3175
-0.7652 51.3249
-0.7724 51.3279
-0.7766 51.3332
-0.785 51.3384
-0.7942 51.3411
-0.8141 51.3416
-0.8142 51.3457
-0.8281 51.3529
-0.8423 51.3521
-0.8532 51.3542
-0.8681 51.3547
-0.8779 51.3526
-0.883 51.3556
-0.8928 51.3563
-0.8998 51.359
-0.9036 51.3581
-0.9151 51.3608
-0.918 51.3648
-0.9237 51.366
-0.9307 51.3644
-0.936 51.3663
-0.9392 51.3632
-0.9724 51.3599
-0.9867 51.3599
-0.9902 51.3632
-1.0111 51.3592
-1.05 51.3581
-1.0658 51.3723
-1.0725 51.3753
-1.0753 51.3795
-1.0866 51.3839
-1.0975 51.3817
-1.1002 51.3794
-1.1155 51.3742
-1.1175 51.3681
-1.1158 51.3605
-1.1237 51.3613
-1.1248 51.3581
-1.1441 51.3573
-1.1469 51.3594
-1.1696 51.3607
-1.1769 51.3573
-1.1889 51.3632
-1.2021 51.3662
-1.2108 51.3671
-1.2183 51.3659
-1.2225 51.3698
-1.2416 51.3662
-1.2511 51.372
-1.2696 51.3705
-1.287 51.3679
-1.2935 51.3711
-1.3186 51.373
-1.3495 51.3671
-1.3638 51.3686
-1.3779 51.3678
-1.4071 51.3727
-1.4156 51.3719
-1.4284 51.3567
-1.4441 51.3549
-1.4449 51.3481
-1.4335 51.3411
-1.4297 51.3365
-1.4508 51.3327
-1.4844 51.331
-1.496 51.329
-1.5114 51.335
-1.5163 51.3394
-1.5275 51.3385
-1.5271 51.3316
-1.5319 51.3281
-1.5336 51.3162
-1.5285 51.3138
-1.5252 51.3071
-1.528 51.2998
-1.5255 51.2972
-1.5228 51.2871
-1.5345 51.2871
-1.5426 51.2813
-1.5359 51.2773
-1.5405 51.2608
-1.5306 51.2626
-1.5312 51.2554
-1.536 51.2486
-1.5459 51.2452
-1.5502 51.2486
-1.5568 51.2492
-1.5776 51.2556
-1.5881 51.2532
-1.6002 51.2535
-1.6074 51.2496
-1.6104 51.243
-1.6193 51.2412
-1.6269 51.2286
-1.6343 51.2285
-1.6483 51.2326
-1.6498 51.2462
-1.6354 51.2517
-1.6381 51.2574
-1.6477 51.2554
-1.6515 51.2601
-1.6778 51.256
-1.6931 51.2573
-1.6956 51.256
-1.7026 51.2439
-1.7015 51.2358
-1.6905 51.224
-1.6898 51.2148
-1.6911 51.2073
-1.6941 51.2039
-1.677 51.1934
-1.6688 51.1908
-1.6724 51.1785
-1.6664 51.1694
-1.654 51.1563
-1.6546 51.152
-1.6598 51.1421
-1.6587 51.1375
-1.663 51.1272
-1.6406 51.1254
-1.6262 51.1173
-1.6309 51.1112
-1.627 51.1029
-1.6373 51.0922
-1.632 51.0824
-1.6277 51.0781
-1.6278 51.0687
-1.6301 51.0654
-1.6324 51.0477
-1.635 51.0409
-1.6324 51.0328
-1.6195 51.0331
-1.6114 51.0273
-1.5994 51.0237
-1.6057 51.02
-1.6054 51.0173
-1.5977 51.0107
-1.5975 51.0081
-1.6105 51.0069
-1.6289 50.999
-1.6252 50.9903
-1.619 50.9874
-1.6196 50.983
-1.6144 50.9795
-1.6076 50.98
-1.605 50.9752
-1.6122 50.9712
-1.6168 50.9625
-1.6234 50.9546
-1.635 50.9592
-1.6464 50.9495
-1.6617 50.9453
-1.6894 50.9547
-1.701 50.9627
-1.7096 50.9712
-1.7196 50.9768
-1.7544 50.9779
-1.7543 50.9804
-1.8003 50.9914
-1.8076 50.992
-1.8154 50.9859
-1.8274 50.9973
-1.8358 51.0094
-1.8534 51.0047
-1.874 50.9844
-1.8745 51.0063
-1.8867 50.9995
-1.9279 50.9977
-1.9499 50.9823
-1.9572 50.9832
-1.9555 50.9783
-1.9448 50.9757
-1.9392 50.9697
-1.9299 50.9678
-1.9272 50.9636
-1.9208 50.9614
-1.9161 50.9531
-1.9125 50.9522
-1.9092 50.9453
-1.8991 50.9384
-1.8969 50.9344
-1.8788 50.9243
-1.8736 50.9172
-1.8635 50.9194
-1.8542 50.9275
-1.8418 50.9317
-1.8263 50.9269
-1.8107 50.9272
-1.8148 50.9231
-1.8204 50.9121
-1.8165 50.9039
-1.825 50.8958
-1.8399 50.8979
-1.8486 50.8899
-1.8441 50.8869
-1.848 50.8823
-1.8453 50.878
-1.8485 50.8738
-1.8478 50.8697
-1.8535 50.8665
-1.8509 50.8587
-1.83 50.8553
-1.8148 50.8587
-1.8128 50.8646
-1.808 50.8645
-1.804 50.8565
-1.8055 50.852
-1.7999 50.8484
-1.8036 50.8452
-1.7986 50.8389
-1.7906 50.8363
-1.7944 50.831
-1.8034 50.8303
-1.8048 50.8237
-1.8018 50.821
-1.8073 50.8163
-1.8029 50.8133
-1.8119 50.8086
-1.8118 50.8061
-1.8043 50.8036
-1.8047 50.8005
-1.8009 50.7941
-1.8035 50.7919
-1.8008 50.7874
-1.7957 50.7859
-1.7879 50.7789
-1.7888 50.7675
-1.7855 50.7648
-1.7761 50.7664
-1.7689 50.7698
-1.7701 50.7725
-1.7578 50.778
-1.7486 50.7794
-1.739 50.7633
-1.7447 50.7561
-1.7423 50.7492
-1.718 50.7522
-1.6818 50.7518
-1.6839 50.7446
-1.6908 50.7406
-1.6921 50.7369
-1.6583 50.7342
-1.6338 50.7302
-1.5838 50.7188
-1.566 50.7088
-1.5503 50.7057
-1.5476 50.7077
-1.5533 50.7131
-1.5601 50.7144
-1.5474 50.7213
-1.5456 50.7269
-1.5312 50.7364
-1.5312 50.7405
-1.5367 50.7444
-1.5201 50.7475
-1.5069 50.7455
-1.4984 50.7476
-1.4979 50.7525
-1.4908 50.7499
-1.4863 50.7513
-1.4834 50.756
-1.4775 50.7546
-1.4712 50.7585
-1.4584 50.7616
-1.4469 50.7619
-1.4384 50.7644
-1.419 50.7663
-1.3927 50.7752
-1.39300024937656 50.7759847880299
-1.3911 50.7776
-1.3767 50.7849
-1.3519 50.7835
-1.342 50.7858
-1.3256 50.8046
-1.3073 50.8144
-1.3164 50.8201
-1.3229 50.8184
-1.3217 50.8249
-1.3306 50.8298
-1.3356 50.8351
-1.3315 50.838
-1.3358 50.8423
-1.3441 50.8454
-1.3539 50.8459
-1.3541 50.8481
-1.3695 50.8534
-1.3735 50.8573
-1.3784 50.8584
-1.3912 50.8684
-1.3989 50.8715
-1.3973 50.8753
-1.4067 50.8795
-1.4134 50.8845
-1.428 50.899
-1.4369 50.9001
-1.4419 50.9023
-1.4567 50.9015
-1.4645 50.9037
-1.4767 50.9115
-1.4784 50.9163
-1.4728 50.9188
